10.0 10.0
700
2
0.0 0.0 0.0 1 1
0.0 0.0 1.11111111111 1 1
0.0 0.0 2.22222222222 1 1
0.0 0.0 3.33333333333 1 1
0.0 0.0 4.44444444444 1 1
0.0 0.0 5.55555555556 1 1
0.0 0.0 6.66666666667 1 1
0.0 0.0 7.77777777778 1 1
0.0 0.0 8.88888888889 1 1
0.0 1.11111111111 0.0 1 1
0.0 1.11111111111 1.11111111111 1 1
0.0 1.11111111111 2.22222222222 1 1
0.0 1.11111111111 3.33333333333 1 1
0.0 1.11111111111 4.44444444444 1 1
0.0 1.11111111111 5.55555555556 1 1
0.0 1.11111111111 6.66666666667 1 1
0.0 1.11111111111 7.77777777778 1 1
0.0 1.11111111111 8.88888888889 1 1
0.0 2.22222222222 0.0 1 1
0.0 2.22222222222 1.11111111111 1 1
0.0 2.22222222222 2.22222222222 1 1
0.0 2.22222222222 3.33333333333 1 1
0.0 2.22222222222 4.44444444444 1 1
0.0 2.22222222222 5.55555555556 1 1
0.0 2.22222222222 6.66666666667 1 1
0.0 2.22222222222 7.77777777778 1 1
0.0 2.22222222222 8.88888888889 1 1
0.0 3.33333333333 0.0 1 1
0.0 3.33333333333 1.11111111111 1 1
0.0 3.33333333333 2.22222222222 1 1
0.0 3.33333333333 3.33333333333 1 1
0.0 3.33333333333 4.44444444444 1 1
0.0 3.33333333333 5.55555555556 1 1
0.0 3.33333333333 6.66666666667 1 1
0.0 3.33333333333 7.77777777778 1 1
0.0 3.33333333333 8.88888888889 1 1
0.0 4.44444444444 0.0 1 1
0.0 4.44444444444 1.11111111111 1 1
0.0 4.44444444444 2.22222222222 1 1
0.0 4.44444444444 3.33333333333 1 1
0.0 4.44444444444 4.44444444444 1 1
0.0 4.44444444444 5.55555555556 1 1
0.0 4.44444444444 6.66666666667 1 1
0.0 4.44444444444 7.77777777778 1 1
0.0 4.44444444444 8.88888888889 1 1
0.0 5.55555555556 0.0 1 1
0.0 5.55555555556 1.11111111111 1 1
0.0 5.55555555556 2.22222222222 1 1
0.0 5.55555555556 3.33333333333 1 1
0.0 5.55555555556 4.44444444444 1 1
0.0 5.55555555556 5.55555555556 1 1
0.0 5.55555555556 6.66666666667 1 1
0.0 5.55555555556 7.77777777778 1 1
0.0 5.55555555556 8.88888888889 1 1
0.0 6.66666666667 0.0 1 1
0.0 6.66666666667 1.11111111111 1 1
0.0 6.66666666667 2.22222222222 1 1
0.0 6.66666666667 3.33333333333 1 1
0.0 6.66666666667 4.44444444444 1 1
0.0 6.66666666667 5.55555555556 1 1
0.0 6.66666666667 6.66666666667 1 1
0.0 6.66666666667 7.77777777778 1 1
0.0 6.66666666667 8.88888888889 1 1
0.0 7.77777777778 0.0 1 1
0.0 7.77777777778 1.11111111111 1 1
0.0 7.77777777778 2.22222222222 1 1
0.0 7.77777777778 3.33333333333 1 1
0.0 7.77777777778 4.44444444444 1 1
0.0 7.77777777778 5.55555555556 1 1
0.0 7.77777777778 6.66666666667 1 1
0.0 7.77777777778 7.77777777778 1 1
0.0 7.77777777778 8.88888888889 1 1
0.0 8.88888888889 0.0 1 1
0.0 8.88888888889 1.11111111111 1 1
0.0 8.88888888889 2.22222222222 1 1
0.0 8.88888888889 3.33333333333 1 1
0.0 8.88888888889 4.44444444444 1 1
0.0 8.88888888889 5.55555555556 1 1
0.0 8.88888888889 6.66666666667 1 1
0.0 8.88888888889 7.77777777778 1 1
0.0 8.88888888889 8.88888888889 1 1
1.11111111111 0.0 0.0 1 1
1.11111111111 0.0 1.11111111111 1 1
1.11111111111 0.0 2.22222222222 1 1
1.11111111111 0.0 3.33333333333 1 1
1.11111111111 0.0 4.44444444444 1 1
1.11111111111 0.0 5.55555555556 1 1
1.11111111111 0.0 6.66666666667 1 1
1.11111111111 0.0 7.77777777778 1 1
1.11111111111 0.0 8.88888888889 1 1
1.11111111111 1.11111111111 0.0 1 1
1.11111111111 1.11111111111 1.11111111111 1 1
1.11111111111 1.11111111111 2.22222222222 1 1
1.11111111111 1.11111111111 3.33333333333 1 1
1.11111111111 1.11111111111 4.44444444444 1 1
1.11111111111 1.11111111111 5.55555555556 1 1
1.11111111111 1.11111111111 6.66666666667 1 1
1.11111111111 1.11111111111 7.77777777778 1 1
1.11111111111 1.11111111111 8.88888888889 1 1
1.11111111111 2.22222222222 0.0 1 1
1.11111111111 2.22222222222 1.11111111111 1 1
1.11111111111 2.22222222222 2.22222222222 1 1
1.11111111111 2.22222222222 3.33333333333 1 1
1.11111111111 2.22222222222 4.44444444444 1 1
1.11111111111 2.22222222222 5.55555555556 1 1
1.11111111111 2.22222222222 6.66666666667 1 1
1.11111111111 2.22222222222 7.77777777778 1 1
1.11111111111 2.22222222222 8.88888888889 1 1
1.11111111111 3.33333333333 0.0 1 1
1.11111111111 3.33333333333 1.11111111111 1 1
1.11111111111 3.33333333333 2.22222222222 1 1
1.11111111111 3.33333333333 3.33333333333 1 1
1.11111111111 3.33333333333 4.44444444444 1 1
1.11111111111 3.33333333333 5.55555555556 1 1
1.11111111111 3.33333333333 6.66666666667 1 1
1.11111111111 3.33333333333 7.77777777778 1 1
1.11111111111 3.33333333333 8.88888888889 1 1
1.11111111111 4.44444444444 0.0 1 1
1.11111111111 4.44444444444 1.11111111111 1 1
1.11111111111 4.44444444444 2.22222222222 1 1
1.11111111111 4.44444444444 3.33333333333 1 1
1.11111111111 4.44444444444 4.44444444444 1 1
1.11111111111 4.44444444444 5.55555555556 1 1
1.11111111111 4.44444444444 6.66666666667 1 1
1.11111111111 4.44444444444 7.77777777778 1 1
1.11111111111 4.44444444444 8.88888888889 1 1
1.11111111111 5.55555555556 0.0 1 1
1.11111111111 5.55555555556 1.11111111111 1 1
1.11111111111 5.55555555556 2.22222222222 1 1
1.11111111111 5.55555555556 3.33333333333 1 1
1.11111111111 5.55555555556 4.44444444444 1 2
1.11111111111 5.55555555556 5.55555555556 1 2
1.11111111111 5.55555555556 6.66666666667 1 2
1.11111111111 5.55555555556 7.77777777778 1 2
1.11111111111 5.55555555556 8.88888888889 1 2
1.11111111111 6.66666666667 0.0 1 2
1.11111111111 6.66666666667 1.11111111111 1 2
1.11111111111 6.66666666667 2.22222222222 1 2
1.11111111111 6.66666666667 3.33333333333 1 2
1.11111111111 6.66666666667 4.44444444444 1 2
1.11111111111 6.66666666667 5.55555555556 1 2
1.11111111111 6.66666666667 6.66666666667 1 2
1.11111111111 6.66666666667 7.77777777778 1 2
1.11111111111 6.66666666667 8.88888888889 1 2
1.11111111111 7.77777777778 0.0 1 2
1.11111111111 7.77777777778 1.11111111111 1 2
1.11111111111 7.77777777778 2.22222222222 1 2
1.11111111111 7.77777777778 3.33333333333 1 2
1.11111111111 7.77777777778 4.44444444444 1 2
1.11111111111 7.77777777778 5.55555555556 1 2
1.11111111111 7.77777777778 6.66666666667 1 2
1.11111111111 7.77777777778 7.77777777778 1 2
1.11111111111 7.77777777778 8.88888888889 1 2
1.11111111111 8.88888888889 0.0 1 2
1.11111111111 8.88888888889 1.11111111111 1 2
1.11111111111 8.88888888889 2.22222222222 1 2
1.11111111111 8.88888888889 3.33333333333 1 2
1.11111111111 8.88888888889 4.44444444444 1 2
1.11111111111 8.88888888889 5.55555555556 1 2
1.11111111111 8.88888888889 6.66666666667 1 2
1.11111111111 8.88888888889 7.77777777778 1 2
1.11111111111 8.88888888889 8.88888888889 1 2
2.22222222222 0.0 0.0 1 2
2.22222222222 0.0 1.11111111111 1 2
2.22222222222 0.0 2.22222222222 1 2
2.22222222222 0.0 3.33333333333 1 2
2.22222222222 0.0 4.44444444444 1 2
2.22222222222 0.0 5.55555555556 1 2
2.22222222222 0.0 6.66666666667 1 2
2.22222222222 0.0 7.77777777778 1 2
2.22222222222 0.0 8.88888888889 1 2
2.22222222222 1.11111111111 0.0 1 2
2.22222222222 1.11111111111 1.11111111111 1 2
2.22222222222 1.11111111111 2.22222222222 1 2
2.22222222222 1.11111111111 3.33333333333 1 2
2.22222222222 1.11111111111 4.44444444444 1 2
2.22222222222 1.11111111111 5.55555555556 1 2
2.22222222222 1.11111111111 6.66666666667 1 2
2.22222222222 1.11111111111 7.77777777778 1 2
2.22222222222 1.11111111111 8.88888888889 1 2
2.22222222222 2.22222222222 0.0 1 2
2.22222222222 2.22222222222 1.11111111111 1 2
2.22222222222 2.22222222222 2.22222222222 1 2
2.22222222222 2.22222222222 3.33333333333 1 2
2.22222222222 2.22222222222 4.44444444444 1 2
2.22222222222 2.22222222222 5.55555555556 1 2
2.22222222222 2.22222222222 6.66666666667 1 2
2.22222222222 2.22222222222 7.77777777778 1 2
2.22222222222 2.22222222222 8.88888888889 1 2
2.22222222222 3.33333333333 0.0 1 2
2.22222222222 3.33333333333 1.11111111111 1 2
2.22222222222 3.33333333333 2.22222222222 1 2
2.22222222222 3.33333333333 3.33333333333 1 2
2.22222222222 3.33333333333 4.44444444444 1 2
2.22222222222 3.33333333333 5.55555555556 1 2
2.22222222222 3.33333333333 6.66666666667 1 2
2.22222222222 3.33333333333 7.77777777778 1 2
2.22222222222 3.33333333333 8.88888888889 1 2
2.22222222222 4.44444444444 0.0 1 2
2.22222222222 4.44444444444 1.11111111111 1 2
2.22222222222 4.44444444444 2.22222222222 2 1
2.22222222222 4.44444444444 3.33333333333 2 1
2.22222222222 4.44444444444 4.44444444444 2 1
2.22222222222 4.44444444444 5.55555555556 2 1
2.22222222222 4.44444444444 6.66666666667 2 1
2.22222222222 4.44444444444 7.77777777778 2 1
2.22222222222 4.44444444444 8.88888888889 2 1
2.22222222222 5.55555555556 0.0 2 1
2.22222222222 5.55555555556 1.11111111111 2 1
2.22222222222 5.55555555556 2.22222222222 2 1
2.22222222222 5.55555555556 3.33333333333 2 1
2.22222222222 5.55555555556 4.44444444444 2 1
2.22222222222 5.55555555556 5.55555555556 2 1
2.22222222222 5.55555555556 6.66666666667 2 1
2.22222222222 5.55555555556 7.77777777778 2 1
2.22222222222 5.55555555556 8.88888888889 2 1
2.22222222222 6.66666666667 0.0 2 1
2.22222222222 6.66666666667 1.11111111111 2 1
2.22222222222 6.66666666667 2.22222222222 2 1
2.22222222222 6.66666666667 3.33333333333 2 1
2.22222222222 6.66666666667 4.44444444444 2 1
2.22222222222 6.66666666667 5.55555555556 2 1
2.22222222222 6.66666666667 6.66666666667 2 1
2.22222222222 6.66666666667 7.77777777778 2 1
2.22222222222 6.66666666667 8.88888888889 2 1
2.22222222222 7.77777777778 0.0 2 1
2.22222222222 7.77777777778 1.11111111111 2 1
2.22222222222 7.77777777778 2.22222222222 2 1
2.22222222222 7.77777777778 3.33333333333 2 1
2.22222222222 7.77777777778 4.44444444444 2 1
2.22222222222 7.77777777778 5.55555555556 2 1
2.22222222222 7.77777777778 6.66666666667 2 1
2.22222222222 7.77777777778 7.77777777778 2 1
2.22222222222 7.77777777778 8.88888888889 2 1
2.22222222222 8.88888888889 0.0 2 1
2.22222222222 8.88888888889 1.11111111111 2 1
2.22222222222 8.88888888889 2.22222222222 2 1
2.22222222222 8.88888888889 3.33333333333 2 1
2.22222222222 8.88888888889 4.44444444444 2 1
2.22222222222 8.88888888889 5.55555555556 2 1
2.22222222222 8.88888888889 6.66666666667 2 1
2.22222222222 8.88888888889 7.77777777778 2 1
2.22222222222 8.88888888889 8.88888888889 2 1
3.33333333333 0.0 0.0 2 1
3.33333333333 0.0 1.11111111111 2 1
3.33333333333 0.0 2.22222222222 2 1
3.33333333333 0.0 3.33333333333 2 1
3.33333333333 0.0 4.44444444444 2 1
3.33333333333 0.0 5.55555555556 2 1
3.33333333333 0.0 6.66666666667 2 1
3.33333333333 0.0 7.77777777778 2 1
3.33333333333 0.0 8.88888888889 2 1
3.33333333333 1.11111111111 0.0 2 1
3.33333333333 1.11111111111 1.11111111111 2 1
3.33333333333 1.11111111111 2.22222222222 2 1
3.33333333333 1.11111111111 3.33333333333 2 1
3.33333333333 1.11111111111 4.44444444444 2 1
3.33333333333 1.11111111111 5.55555555556 2 1
3.33333333333 1.11111111111 6.66666666667 2 1
3.33333333333 1.11111111111 7.77777777778 2 1
3.33333333333 1.11111111111 8.88888888889 2 1
3.33333333333 2.22222222222 0.0 2 1
3.33333333333 2.22222222222 1.11111111111 2 1
3.33333333333 2.22222222222 2.22222222222 2 1
3.33333333333 2.22222222222 3.33333333333 2 1
3.33333333333 2.22222222222 4.44444444444 2 1
3.33333333333 2.22222222222 5.55555555556 2 1
3.33333333333 2.22222222222 6.66666666667 2 1
3.33333333333 2.22222222222 7.77777777778 2 1
3.33333333333 2.22222222222 8.88888888889 2 1
3.33333333333 3.33333333333 0.0 2 1
3.33333333333 3.33333333333 1.11111111111 2 1
3.33333333333 3.33333333333 2.22222222222 2 1
3.33333333333 3.33333333333 3.33333333333 2 1
3.33333333333 3.33333333333 4.44444444444 2 1
3.33333333333 3.33333333333 5.55555555556 2 1
3.33333333333 3.33333333333 6.66666666667 2 1
3.33333333333 3.33333333333 7.77777777778 2 1
3.33333333333 3.33333333333 8.88888888889 2 1
3.33333333333 4.44444444444 0.0 2 1
3.33333333333 4.44444444444 1.11111111111 2 1
3.33333333333 4.44444444444 2.22222222222 2 1
3.33333333333 4.44444444444 3.33333333333 2 1
3.33333333333 4.44444444444 4.44444444444 2 1
3.33333333333 4.44444444444 5.55555555556 2 1
3.33333333333 4.44444444444 6.66666666667 2 1
3.33333333333 4.44444444444 7.77777777778 2 1
3.33333333333 4.44444444444 8.88888888889 2 1
3.33333333333 5.55555555556 0.0 2 1
3.33333333333 5.55555555556 1.11111111111 2 1
3.33333333333 5.55555555556 2.22222222222 2 1
3.33333333333 5.55555555556 3.33333333333 2 1
3.33333333333 5.55555555556 4.44444444444 2 1
3.33333333333 5.55555555556 5.55555555556 2 1
3.33333333333 5.55555555556 6.66666666667 2 1
3.33333333333 5.55555555556 7.77777777778 2 1
3.33333333333 5.55555555556 8.88888888889 2 1
3.33333333333 6.66666666667 0.0 2 1
3.33333333333 6.66666666667 1.11111111111 2 1
3.33333333333 6.66666666667 2.22222222222 2 1
3.33333333333 6.66666666667 3.33333333333 2 1
3.33333333333 6.66666666667 4.44444444444 2 1
3.33333333333 6.66666666667 5.55555555556 2 1
3.33333333333 6.66666666667 6.66666666667 2 1
3.33333333333 6.66666666667 7.77777777778 2 1
3.33333333333 6.66666666667 8.88888888889 2 1
3.33333333333 7.77777777778 0.0 2 1
3.33333333333 7.77777777778 1.11111111111 2 1
3.33333333333 7.77777777778 2.22222222222 2 1
3.33333333333 7.77777777778 3.33333333333 2 1
3.33333333333 7.77777777778 4.44444444444 2 1
3.33333333333 7.77777777778 5.55555555556 2 1
3.33333333333 7.77777777778 6.66666666667 2 1
3.33333333333 7.77777777778 7.77777777778 2 1
3.33333333333 7.77777777778 8.88888888889 2 1
3.33333333333 8.88888888889 0.0 2 1
3.33333333333 8.88888888889 1.11111111111 2 1
3.33333333333 8.88888888889 2.22222222222 2 1
3.33333333333 8.88888888889 3.33333333333 2 1
3.33333333333 8.88888888889 4.44444444444 2 1
3.33333333333 8.88888888889 5.55555555556 2 1
3.33333333333 8.88888888889 6.66666666667 2 1
3.33333333333 8.88888888889 7.77777777778 2 1
3.33333333333 8.88888888889 8.88888888889 2 1
4.44444444444 0.0 0.0 2 1
4.44444444444 0.0 1.11111111111 2 1
4.44444444444 0.0 2.22222222222 2 1
4.44444444444 0.0 3.33333333333 2 1
4.44444444444 0.0 4.44444444444 2 1
4.44444444444 0.0 5.55555555556 2 1
4.44444444444 0.0 6.66666666667 2 1
4.44444444444 0.0 7.77777777778 2 1
4.44444444444 0.0 8.88888888889 2 1
4.44444444444 1.11111111111 0.0 2 1
4.44444444444 1.11111111111 1.11111111111 2 1
4.44444444444 1.11111111111 2.22222222222 2 1
4.44444444444 1.11111111111 3.33333333333 2 1
4.44444444444 1.11111111111 4.44444444444 2 1
4.44444444444 1.11111111111 5.55555555556 2 1
4.44444444444 1.11111111111 6.66666666667 2 1
4.44444444444 1.11111111111 7.77777777778 2 1
4.44444444444 1.11111111111 8.88888888889 2 1
4.44444444444 2.22222222222 0.0 2 1
4.44444444444 2.22222222222 1.11111111111 2 1
4.44444444444 2.22222222222 2.22222222222 2 1
4.44444444444 2.22222222222 3.33333333333 2 1
4.44444444444 2.22222222222 4.44444444444 2 1
4.44444444444 2.22222222222 5.55555555556 2 1
4.44444444444 2.22222222222 6.66666666667 2 1
4.44444444444 2.22222222222 7.77777777778 2 1
4.44444444444 2.22222222222 8.88888888889 2 1
4.44444444444 3.33333333333 0.0 2 1
4.44444444444 3.33333333333 1.11111111111 2 1
4.44444444444 3.33333333333 2.22222222222 2 1
4.44444444444 3.33333333333 3.33333333333 2 1
4.44444444444 3.33333333333 4.44444444444 2 1
4.44444444444 3.33333333333 5.55555555556 2 1
4.44444444444 3.33333333333 6.66666666667 2 1
4.44444444444 3.33333333333 7.77777777778 2 1
4.44444444444 3.33333333333 8.88888888889 2 1
4.44444444444 4.44444444444 0.0 2 1
4.44444444444 4.44444444444 1.11111111111 2 1
4.44444444444 4.44444444444 2.22222222222 2 1
4.44444444444 4.44444444444 3.33333333333 2 1
4.44444444444 4.44444444444 4.44444444444 2 1
4.44444444444 4.44444444444 5.55555555556 2 1
4.44444444444 4.44444444444 6.66666666667 2 1
4.44444444444 4.44444444444 7.77777777778 2 1
4.44444444444 4.44444444444 8.88888888889 2 1
4.44444444444 5.55555555556 0.0 2 1
4.44444444444 5.55555555556 1.11111111111 2 1
4.44444444444 5.55555555556 2.22222222222 2 1
4.44444444444 5.55555555556 3.33333333333 2 1
4.44444444444 5.55555555556 4.44444444444 2 1
4.44444444444 5.55555555556 5.55555555556 2 1
4.44444444444 5.55555555556 6.66666666667 2 1
4.44444444444 5.55555555556 7.77777777778 2 1
4.44444444444 5.55555555556 8.88888888889 2 1
4.44444444444 6.66666666667 0.0 2 1
4.44444444444 6.66666666667 1.11111111111 2 1
4.44444444444 6.66666666667 2.22222222222 2 1
4.44444444444 6.66666666667 3.33333333333 2 1
4.44444444444 6.66666666667 4.44444444444 2 1
4.44444444444 6.66666666667 5.55555555556 2 1
4.44444444444 6.66666666667 6.66666666667 2 1
4.44444444444 6.66666666667 7.77777777778 2 1
4.44444444444 6.66666666667 8.88888888889 2 1
4.44444444444 7.77777777778 0.0 2 1
4.44444444444 7.77777777778 1.11111111111 2 1
4.44444444444 7.77777777778 2.22222222222 2 1
4.44444444444 7.77777777778 3.33333333333 2 1
4.44444444444 7.77777777778 4.44444444444 2 1
4.44444444444 7.77777777778 5.55555555556 2 1
4.44444444444 7.77777777778 6.66666666667 2 1
4.44444444444 7.77777777778 7.77777777778 2 1
4.44444444444 7.77777777778 8.88888888889 2 1
4.44444444444 8.88888888889 0.0 2 1
4.44444444444 8.88888888889 1.11111111111 2 1
4.44444444444 8.88888888889 2.22222222222 2 1
4.44444444444 8.88888888889 3.33333333333 2 1
4.44444444444 8.88888888889 4.44444444444 2 1
4.44444444444 8.88888888889 5.55555555556 2 1
4.44444444444 8.88888888889 6.66666666667 2 1
4.44444444444 8.88888888889 7.77777777778 2 1
4.44444444444 8.88888888889 8.88888888889 2 1
5.55555555556 0.0 0.0 2 1
5.55555555556 0.0 1.11111111111 2 1
5.55555555556 0.0 2.22222222222 2 1
5.55555555556 0.0 3.33333333333 2 1
5.55555555556 0.0 4.44444444444 2 1
5.55555555556 0.0 5.55555555556 2 1
5.55555555556 0.0 6.66666666667 2 1
5.55555555556 0.0 7.77777777778 2 1
5.55555555556 0.0 8.88888888889 2 1
5.55555555556 1.11111111111 0.0 2 1
5.55555555556 1.11111111111 1.11111111111 2 1
5.55555555556 1.11111111111 2.22222222222 2 1
5.55555555556 1.11111111111 3.33333333333 2 1
5.55555555556 1.11111111111 4.44444444444 2 1
5.55555555556 1.11111111111 5.55555555556 2 1
5.55555555556 1.11111111111 6.66666666667 2 1
5.55555555556 1.11111111111 7.77777777778 2 1
5.55555555556 1.11111111111 8.88888888889 2 1
5.55555555556 2.22222222222 0.0 2 1
5.55555555556 2.22222222222 1.11111111111 2 1
5.55555555556 2.22222222222 2.22222222222 2 1
5.55555555556 2.22222222222 3.33333333333 2 1
5.55555555556 2.22222222222 4.44444444444 2 1
5.55555555556 2.22222222222 5.55555555556 2 1
5.55555555556 2.22222222222 6.66666666667 2 1
5.55555555556 2.22222222222 7.77777777778 2 1
5.55555555556 2.22222222222 8.88888888889 2 1
5.55555555556 3.33333333333 0.0 2 1
5.55555555556 3.33333333333 1.11111111111 2 1
5.55555555556 3.33333333333 2.22222222222 2 1
5.55555555556 3.33333333333 3.33333333333 2 1
5.55555555556 3.33333333333 4.44444444444 2 1
5.55555555556 3.33333333333 5.55555555556 2 1
5.55555555556 3.33333333333 6.66666666667 2 1
5.55555555556 3.33333333333 7.77777777778 2 1
5.55555555556 3.33333333333 8.88888888889 2 1
5.55555555556 4.44444444444 0.0 2 1
5.55555555556 4.44444444444 1.11111111111 2 1
5.55555555556 4.44444444444 2.22222222222 2 1
5.55555555556 4.44444444444 3.33333333333 2 1
5.55555555556 4.44444444444 4.44444444444 2 1
5.55555555556 4.44444444444 5.55555555556 2 1
5.55555555556 4.44444444444 6.66666666667 2 1
5.55555555556 4.44444444444 7.77777777778 2 1
5.55555555556 4.44444444444 8.88888888889 2 1
5.55555555556 5.55555555556 0.0 2 1
5.55555555556 5.55555555556 1.11111111111 2 1
5.55555555556 5.55555555556 2.22222222222 2 1
5.55555555556 5.55555555556 3.33333333333 2 1
5.55555555556 5.55555555556 4.44444444444 2 1
5.55555555556 5.55555555556 5.55555555556 2 1
5.55555555556 5.55555555556 6.66666666667 2 1
5.55555555556 5.55555555556 7.77777777778 2 1
5.55555555556 5.55555555556 8.88888888889 2 1
5.55555555556 6.66666666667 0.0 2 1
5.55555555556 6.66666666667 1.11111111111 2 1
5.55555555556 6.66666666667 2.22222222222 2 1
5.55555555556 6.66666666667 3.33333333333 2 1
5.55555555556 6.66666666667 4.44444444444 2 1
5.55555555556 6.66666666667 5.55555555556 2 1
5.55555555556 6.66666666667 6.66666666667 2 1
5.55555555556 6.66666666667 7.77777777778 2 1
5.55555555556 6.66666666667 8.88888888889 2 1
5.55555555556 7.77777777778 0.0 2 1
5.55555555556 7.77777777778 1.11111111111 2 1
5.55555555556 7.77777777778 2.22222222222 2 1
5.55555555556 7.77777777778 3.33333333333 2 1
5.55555555556 7.77777777778 4.44444444444 2 1
5.55555555556 7.77777777778 5.55555555556 2 1
5.55555555556 7.77777777778 6.66666666667 2 1
5.55555555556 7.77777777778 7.77777777778 2 1
5.55555555556 7.77777777778 8.88888888889 2 1
5.55555555556 8.88888888889 0.0 2 1
5.55555555556 8.88888888889 1.11111111111 2 1
5.55555555556 8.88888888889 2.22222222222 2 1
5.55555555556 8.88888888889 3.33333333333 2 1
5.55555555556 8.88888888889 4.44444444444 2 1
5.55555555556 8.88888888889 5.55555555556 2 1
5.55555555556 8.88888888889 6.66666666667 2 1
5.55555555556 8.88888888889 7.77777777778 2 1
5.55555555556 8.88888888889 8.88888888889 2 1
6.66666666667 0.0 0.0 2 1
6.66666666667 0.0 1.11111111111 2 1
6.66666666667 0.0 2.22222222222 2 1
6.66666666667 0.0 3.33333333333 2 1
6.66666666667 0.0 4.44444444444 2 1
6.66666666667 0.0 5.55555555556 2 1
6.66666666667 0.0 6.66666666667 2 1
6.66666666667 0.0 7.77777777778 2 1
6.66666666667 0.0 8.88888888889 2 1
6.66666666667 1.11111111111 0.0 2 1
6.66666666667 1.11111111111 1.11111111111 2 1
6.66666666667 1.11111111111 2.22222222222 2 1
6.66666666667 1.11111111111 3.33333333333 2 1
6.66666666667 1.11111111111 4.44444444444 2 1
6.66666666667 1.11111111111 5.55555555556 2 1
6.66666666667 1.11111111111 6.66666666667 2 1
6.66666666667 1.11111111111 7.77777777778 2 1
6.66666666667 1.11111111111 8.88888888889 2 1
6.66666666667 2.22222222222 0.0 2 1
6.66666666667 2.22222222222 1.11111111111 2 1
6.66666666667 2.22222222222 2.22222222222 2 1
6.66666666667 2.22222222222 3.33333333333 2 1
6.66666666667 2.22222222222 4.44444444444 2 1
6.66666666667 2.22222222222 5.55555555556 2 1
6.66666666667 2.22222222222 6.66666666667 2 1
6.66666666667 2.22222222222 7.77777777778 2 1
6.66666666667 2.22222222222 8.88888888889 2 1
6.66666666667 3.33333333333 0.0 2 1
6.66666666667 3.33333333333 1.11111111111 2 1
6.66666666667 3.33333333333 2.22222222222 2 1
6.66666666667 3.33333333333 3.33333333333 2 1
6.66666666667 3.33333333333 4.44444444444 2 1
6.66666666667 3.33333333333 5.55555555556 2 1
6.66666666667 3.33333333333 6.66666666667 2 1
6.66666666667 3.33333333333 7.77777777778 2 1
6.66666666667 3.33333333333 8.88888888889 2 1
6.66666666667 4.44444444444 0.0 2 1
6.66666666667 4.44444444444 1.11111111111 2 1
6.66666666667 4.44444444444 2.22222222222 2 1
6.66666666667 4.44444444444 3.33333333333 2 1
6.66666666667 4.44444444444 4.44444444444 2 1
6.66666666667 4.44444444444 5.55555555556 2 1
6.66666666667 4.44444444444 6.66666666667 2 1
6.66666666667 4.44444444444 7.77777777778 2 1
6.66666666667 4.44444444444 8.88888888889 2 1
6.66666666667 5.55555555556 0.0 2 1
6.66666666667 5.55555555556 1.11111111111 2 1
6.66666666667 5.55555555556 2.22222222222 2 1
6.66666666667 5.55555555556 3.33333333333 2 1
6.66666666667 5.55555555556 4.44444444444 2 1
6.66666666667 5.55555555556 5.55555555556 2 1
6.66666666667 5.55555555556 6.66666666667 2 1
6.66666666667 5.55555555556 7.77777777778 2 1
6.66666666667 5.55555555556 8.88888888889 2 1
6.66666666667 6.66666666667 0.0 2 1
6.66666666667 6.66666666667 1.11111111111 2 1
6.66666666667 6.66666666667 2.22222222222 2 1
6.66666666667 6.66666666667 3.33333333333 2 1
6.66666666667 6.66666666667 4.44444444444 2 1
6.66666666667 6.66666666667 5.55555555556 2 1
6.66666666667 6.66666666667 6.66666666667 2 1
6.66666666667 6.66666666667 7.77777777778 2 1
6.66666666667 6.66666666667 8.88888888889 2 1
6.66666666667 7.77777777778 0.0 2 1
6.66666666667 7.77777777778 1.11111111111 2 1
6.66666666667 7.77777777778 2.22222222222 2 1
6.66666666667 7.77777777778 3.33333333333 2 1
6.66666666667 7.77777777778 4.44444444444 2 1
6.66666666667 7.77777777778 5.55555555556 2 1
6.66666666667 7.77777777778 6.66666666667 2 1
6.66666666667 7.77777777778 7.77777777778 2 1
6.66666666667 7.77777777778 8.88888888889 2 1
6.66666666667 8.88888888889 0.0 2 1
6.66666666667 8.88888888889 1.11111111111 2 1
6.66666666667 8.88888888889 2.22222222222 2 1
6.66666666667 8.88888888889 3.33333333333 2 1
6.66666666667 8.88888888889 4.44444444444 2 1
6.66666666667 8.88888888889 5.55555555556 2 1
6.66666666667 8.88888888889 6.66666666667 2 1
6.66666666667 8.88888888889 7.77777777778 2 1
6.66666666667 8.88888888889 8.88888888889 2 1
7.77777777778 0.0 0.0 2 1
7.77777777778 0.0 1.11111111111 2 1
7.77777777778 0.0 2.22222222222 2 1
7.77777777778 0.0 3.33333333333 2 2
7.77777777778 0.0 4.44444444444 2 2
7.77777777778 0.0 5.55555555556 2 2
7.77777777778 0.0 6.66666666667 2 2
7.77777777778 0.0 7.77777777778 2 2
7.77777777778 0.0 8.88888888889 2 2
7.77777777778 1.11111111111 0.0 2 2
7.77777777778 1.11111111111 1.11111111111 2 2
7.77777777778 1.11111111111 2.22222222222 2 2
7.77777777778 1.11111111111 3.33333333333 2 2
7.77777777778 1.11111111111 4.44444444444 2 2
7.77777777778 1.11111111111 5.55555555556 2 2
7.77777777778 1.11111111111 6.66666666667 2 2
7.77777777778 1.11111111111 7.77777777778 2 2
7.77777777778 1.11111111111 8.88888888889 2 2
7.77777777778 2.22222222222 0.0 2 2
7.77777777778 2.22222222222 1.11111111111 2 2
7.77777777778 2.22222222222 2.22222222222 2 2
7.77777777778 2.22222222222 3.33333333333 2 2
7.77777777778 2.22222222222 4.44444444444 2 2
7.77777777778 2.22222222222 5.55555555556 2 2
7.77777777778 2.22222222222 6.66666666667 2 2
7.77777777778 2.22222222222 7.77777777778 2 2
7.77777777778 2.22222222222 8.88888888889 2 2
7.77777777778 3.33333333333 0.0 2 2
7.77777777778 3.33333333333 1.11111111111 2 2
7.77777777778 3.33333333333 2.22222222222 2 2
7.77777777778 3.33333333333 3.33333333333 2 2
7.77777777778 3.33333333333 4.44444444444 2 2
7.77777777778 3.33333333333 5.55555555556 2 2
7.77777777778 3.33333333333 6.66666666667 2 2
7.77777777778 3.33333333333 7.77777777778 2 2
7.77777777778 3.33333333333 8.88888888889 2 2
7.77777777778 4.44444444444 0.0 2 2
7.77777777778 4.44444444444 1.11111111111 2 2
7.77777777778 4.44444444444 2.22222222222 2 2
7.77777777778 4.44444444444 3.33333333333 2 2
7.77777777778 4.44444444444 4.44444444444 2 2
7.77777777778 4.44444444444 5.55555555556 2 2
7.77777777778 4.44444444444 6.66666666667 2 2
7.77777777778 4.44444444444 7.77777777778 2 2
7.77777777778 4.44444444444 8.88888888889 2 2
7.77777777778 5.55555555556 0.0 2 2
7.77777777778 5.55555555556 1.11111111111 2 2
7.77777777778 5.55555555556 2.22222222222 2 2
7.77777777778 5.55555555556 3.33333333333 2 2
7.77777777778 5.55555555556 4.44444444444 2 2
7.77777777778 5.55555555556 5.55555555556 2 2
7.77777777778 5.55555555556 6.66666666667 2 2
7.77777777778 5.55555555556 7.77777777778 2 2
7.77777777778 5.55555555556 8.88888888889 2 2
7.77777777778 6.66666666667 0.0 2 2
7.77777777778 6.66666666667 1.11111111111 2 2
7.77777777778 6.66666666667 2.22222222222 2 2
7.77777777778 6.66666666667 3.33333333333 2 2
7.77777777778 6.66666666667 4.44444444444 2 2
7.77777777778 6.66666666667 5.55555555556 2 2
7.77777777778 6.66666666667 6.66666666667 2 2
7.77777777778 6.66666666667 7.77777777778 2 2
7.77777777778 6.66666666667 8.88888888889 2 2
7.77777777778 7.77777777778 0.0 2 2
7.77777777778 7.77777777778 1.11111111111 2 2
7.77777777778 7.77777777778 2.22222222222 2 2
7.77777777778 7.77777777778 3.33333333333 2 2
7.77777777778 7.77777777778 4.44444444444 2 2
7.77777777778 7.77777777778 5.55555555556 2 2
7.77777777778 7.77777777778 6.66666666667 2 2
7.77777777778 7.77777777778 7.77777777778 2 2
7.77777777778 7.77777777778 8.88888888889 2 2
7.77777777778 8.88888888889 0.0 2 2
7.77777777778 8.88888888889 1.11111111111 2 2
7.77777777778 8.88888888889 2.22222222222 2 2
7.77777777778 8.88888888889 3.33333333333 2 2
7.77777777778 8.88888888889 4.44444444444 2 2
7.77777777778 8.88888888889 5.55555555556 2 2
7.77777777778 8.88888888889 6.66666666667 2 2
7.77777777778 8.88888888889 7.77777777778 2 2
7.77777777778 8.88888888889 8.88888888889 2 2
8.88888888889 0.0 0.0 2 2
8.88888888889 0.0 1.11111111111 2 2
8.88888888889 0.0 2.22222222222 2 2
8.88888888889 0.0 3.33333333333 2 2
8.88888888889 0.0 4.44444444444 2 2
8.88888888889 0.0 5.55555555556 2 2
8.88888888889 0.0 6.66666666667 2 2
8.88888888889 0.0 7.77777777778 2 2
8.88888888889 0.0 8.88888888889 2 2
8.88888888889 1.11111111111 0.0 2 2
8.88888888889 1.11111111111 1.11111111111 2 2
8.88888888889 1.11111111111 2.22222222222 2 2
8.88888888889 1.11111111111 3.33333333333 2 2
8.88888888889 1.11111111111 4.44444444444 2 2
8.88888888889 1.11111111111 5.55555555556 2 2
8.88888888889 1.11111111111 6.66666666667 2 2
8.88888888889 1.11111111111 7.77777777778 2 2
8.88888888889 1.11111111111 8.88888888889 2 2
8.88888888889 2.22222222222 0.0 2 2
8.88888888889 2.22222222222 1.11111111111 2 2
8.88888888889 2.22222222222 2.22222222222 2 2
8.88888888889 2.22222222222 3.33333333333 2 2
8.88888888889 2.22222222222 4.44444444444 2 2
8.88888888889 2.22222222222 5.55555555556 2 2
8.88888888889 2.22222222222 6.66666666667 2 2
8.88888888889 2.22222222222 7.77777777778 2 2
8.88888888889 2.22222222222 8.88888888889 2 2
8.88888888889 3.33333333333 0.0 2 2
8.88888888889 3.33333333333 1.11111111111 2 2
8.88888888889 3.33333333333 2.22222222222 2 2
8.88888888889 3.33333333333 3.33333333333 2 2
8.88888888889 3.33333333333 4.44444444444 2 2
8.88888888889 3.33333333333 5.55555555556 2 2
8.88888888889 3.33333333333 6.66666666667 2 2
8.88888888889 3.33333333333 7.77777777778 2 2
8.88888888889 3.33333333333 8.88888888889 2 2
8.88888888889 4.44444444444 0.0 2 2
8.88888888889 4.44444444444 1.11111111111 2 2
8.88888888889 4.44444444444 2.22222222222 2 2
8.88888888889 4.44444444444 3.33333333333 2 2
8.88888888889 4.44444444444 4.44444444444 2 2
8.88888888889 4.44444444444 5.55555555556 2 2
8.88888888889 4.44444444444 6.66666666667 2 2
8.88888888889 4.44444444444 7.77777777778 2 2
8.88888888889 4.44444444444 8.88888888889 2 2
8.88888888889 5.55555555556 0.0 2 2
8.88888888889 5.55555555556 1.11111111111 2 2
8.88888888889 5.55555555556 2.22222222222 2 2
8.88888888889 5.55555555556 3.33333333333 2 2
8.88888888889 5.55555555556 4.44444444444 2 2
8.88888888889 5.55555555556 5.55555555556 2 2
8.88888888889 5.55555555556 6.66666666667 2 2
