   9.7916851379574901        10.199979642401686     
         700
    0.9551148511E+01    0.5110578267E+01    0.8305750694E+01    1
    0.5158374783E+01    0.8769225410E+01    0.6263684171E+01    1
    0.5635589887E+01    0.8872285438E+00    0.3775637327E+01    2
    0.8646426551E+01    0.7617588071E+01    0.9777404207E+01    1
    0.1935662805E+01    0.2839600454E+01    0.3227082676E+01    2
    0.5166401243E+01    0.1572654408E+01    0.5487676478E+01    1
    0.7234607810E+01    0.5690759386E+01    0.1589157017E+01    1
    0.5824212371E+00    0.8758405005E+01    0.8008502453E+01    1
    0.6210129625E+01    0.7545013571E+01    0.7631105971E+01    1
    0.9765581416E+01    0.6142695777E+01    0.2568848880E+01    1
    0.3141202098E+01    0.9449304752E+01    0.3343909050E+01    1
    0.6631892464E+01    0.5653908794E+01    0.2925045311E+01    1
    0.4158422222E+01    0.6139539045E+01    0.9551853422E+01    1
    0.3998145162E+01    0.5732265798E+01    0.8158404933E+01    1
    0.4022418373E+01    0.2163681023E+00    0.4375034296E+01    1
    0.6494649716E+01    0.2593162129E+01    0.2633443623E+01    1
    0.4311080576E+01    0.7081643974E+01    0.3899254489E+01    1
    0.8943116381E+01    0.2000547791E+00    0.1099574919E+01    1
    0.6567994946E+01    0.4312801375E+01    0.9294697988E+01    1
    0.5956252835E+01    0.4848851220E+01    0.3577081629E+00    1
    0.2522584855E+01    0.6913997827E+01    0.9735220045E+01    1
    0.2436306884E+01    0.1710102289E+01    0.3717099617E+00    2
    0.2876732582E+01    0.4703542307E+01    0.2483968048E+01    1
    0.9691087935E+01    0.7466309553E+01    0.5383332936E+01    1
    0.2918830985E+01    0.5652939471E+01    0.1931592172E+01    1
    0.1898857427E+00    0.3565918449E+01    0.1885634350E+01    2
    0.9402438784E+01    0.2683351994E+01    0.3692837967E+01    2
    0.1498882550E+01    0.2149337863E+01    0.9440432081E+01    2
    0.6320174514E+01    0.3586289038E+01    0.5346467950E+01    1
    0.7805352513E+01    0.8591570759E+01    0.5366243571E+01    1
    0.6279916540E+01    0.1771698942E+01    0.5669214377E+01    1
    0.4052775842E+01    0.4945363913E+01    0.8531472266E+01    2
    0.4326764693E+01    0.8744991039E+01    0.2524341089E+01    1
    0.6405216782E+01    0.6913083789E+01    0.8833631708E+01    1
    0.4517853063E+01    0.1394145042E+01    0.4464805203E+01    1
    0.3523660960E+01    0.3123315357E+01    0.5602795236E+01    1
    0.8689973156E+01    0.9119784201E+01    0.6371940769E+01    1
    0.1277417292E+01    0.5109954592E+01    0.2996205485E+00    1
    0.8354668547E+00    0.8941165837E+01    0.7009290837E+01    1
    0.3962045600E+01    0.1845958104E+01    0.6110789136E+00    2
    0.3172454328E+01    0.7885447619E+01    0.3770504836E+01    1
    0.5547932942E+01    0.3276348059E+01    0.6821737237E+01    1
    0.4293880659E+00    0.8941397340E+01    0.5988808818E+01    1
    0.1285863608E+01    0.5627811944E+01    0.3251033042E+01    1
    0.8118451597E+01    0.2535442072E+01    0.3053276527E+01    2
    0.4092315166E+01    0.1907205541E+01    0.7134705092E+01    2
    0.9030167058E+01    0.3753499822E+01    0.3375599100E+01    2
    0.3227749651E+01    0.6847154333E+01    0.5488958146E+01    2
    0.4238954812E+01    0.8199665350E+01    0.3619453127E+01    1
    0.2041250798E+01    0.6093371769E+01    0.3498736977E+00    1
    0.1485899978E+01    0.9400686295E+01    0.7658602149E+01    1
    0.4484059752E+00    0.7914279810E+01    0.2321306325E+01    1
    0.8903340744E+01    0.2518374503E+01    0.8077090450E+01    1
    0.8027001866E+01    0.8363232286E+01    0.4018560460E+01    1
    0.4928388619E+01    0.3495010894E+00    0.7373444012E+01    1
    0.3396081451E+01    0.1791659011E+00    0.3553276225E+00    1
    0.4423940015E+01    0.5559810214E-01    0.7494067478E+00    1
    0.6118943342E+01    0.3478499830E+01    0.1952985367E+01    1
    0.7427589805E+01    0.9007733694E+01    0.9450226093E+01    1
    0.5869409642E+00    0.3843387739E+01    0.1751717574E+01    1
    0.1127198155E+01    0.6488636038E+01    0.8603776812E+01    1
    0.3613925812E+01    0.8094824907E+01    0.4788105507E+01    1
    0.2149482039E+01    0.6580687293E+01    0.1538189856E+01    2
    0.1649154182E+01    0.6384659302E+01    0.2221476649E+00    2
    0.7739422156E+01    0.1654385239E+01    0.7679286811E+01    1
    0.3959399486E+00    0.3466545317E+01    0.2801389083E+01    1
    0.1666431662E+01    0.2061333143E+01    0.1769782221E+01    2
    0.4168673284E+01    0.6352915097E+01    0.2002446177E+01    2
    0.7173689205E+01    0.6834046398E+01    0.7054991862E+01    1
    0.8548177758E+01    0.5877584157E+01    0.9770305395E+01    2
    0.4658918080E+01    0.2385233551E+01    0.8559962218E+01    1
    0.4555494321E+01    0.3901871500E+01    0.9209028033E+01    1
    0.1708026121E+01    0.7000750548E+01    0.6451419219E+01    1
    0.8216156430E+01    0.6556545954E+01    0.9519564426E+01    1
    0.1824694556E+01    0.8224721092E+01    0.3161230490E+01    1
    0.5685335814E+01    0.2622279255E+01    0.8343789644E+01    1
    0.8684623825E+01    0.5703492765E+01    0.5475190926E+01    1
    0.3657137332E+01    0.2663126265E+01    0.2216832085E+01    1
    0.1299366427E+01    0.4447719581E+01    0.8463466694E+01    1
    0.5593165368E+01    0.2422864908E-02    0.6673414002E+01    1
    0.2797177861E+01    0.3962201298E+01    0.9543232126E+01    2
    0.7887926339E+01    0.4215652450E+01    0.3345976246E+01    1
    0.1663194864E+01    0.4146058480E+01    0.5245139570E+01    1
    0.1701906226E+01    0.7279749635E+01    0.6829268549E+00    2
    0.7913128084E+01    0.5064282074E+01    0.7654883363E+01    1
    0.1666075586E+01    0.6870104269E+01    0.8129014083E+01    2
    0.8662005905E+01    0.9366505211E+01    0.4425308332E+01    1
    0.5695653180E+01    0.3974392774E+01    0.4372249171E+01    1
    0.4406302262E+00    0.8528395632E+01    0.3723030544E+00    1
    0.2553606612E+01    0.2325773460E+01    0.2386898684E+01    1
    0.6223117884E+01    0.3560579844E+01    0.7568052761E+01    1
    0.8183504553E+01    0.4622007358E+01    0.9600901945E+01    2
    0.4387905619E+01    0.1563970078E+01    0.9305311127E+01    1
    0.7387622994E+01    0.2426240722E+01    0.4441510371E+01    1
    0.8127088748E+01    0.5475441770E+01    0.4539411900E+01    1
    0.9314330946E+01    0.3703833192E+01    0.6254850949E+01    1
    0.1650142514E+01    0.7723755100E+01    0.8629904900E+01    1
    0.9368326919E+01    0.8589205049E+01    0.5638324994E+01    1
    0.4174235531E+01    0.4908587007E+01    0.9299266961E+01    1
    0.1118980017E+01    0.3510232906E+01    0.1960331665E-01    2
    0.8379248235E+01    0.2767929995E+01    0.4809372176E+01    1
    0.7062403357E+01    0.5151338491E+01    0.8406825122E+01    1
    0.5413966151E+01    0.5093318990E+01    0.7651305448E+01    1
    0.1025318129E+01    0.8153176678E+01    0.5674856681E+01    1
    0.2441745617E+00    0.1426935590E+01    0.2399390566E+01    1
    0.3338980125E+00    0.9222214116E+01    0.2022383187E+01    1
    0.5385064285E+01    0.7965622824E+01    0.3941582182E+01    1
    0.4170472883E+00    0.1983461151E+01    0.8882903541E+01    2
    0.8616793649E+01    0.2691505760E+01    0.5893919923E+01    1
    0.1773132309E+01    0.7504206723E+01    0.5032946375E+01    2
    0.6895625947E+01    0.5008646880E+00    0.4614759316E+01    1
    0.9967688819E+01    0.7267886031E+01    0.1484428566E+01    2
    0.5428553808E+01    0.7469430103E+01    0.1750590457E+01    1
    0.3601574122E+01    0.4892503602E+01    0.7670722744E+01    1
    0.3760404538E+01    0.2832371950E+01    0.1199719021E+01    1
    0.6546965157E+01    0.6184996184E+01    0.6496677761E+01    1
    0.2209402602E+01    0.3153052080E+01    0.2141649048E+01    2
    0.9223844372E+00    0.4793346328E+01    0.2274102734E+01    2
    0.7605065398E+01    0.2741955860E+01    0.7939373724E+01    1
    0.2569208811E+01    0.1702584141E+01    0.3303406654E+01    1
    0.8034309079E+01    0.8882745489E+01    0.2982121416E+01    1
    0.5420319645E+01    0.8183032139E+01    0.7449909404E+01    1
    0.4212969880E+01    0.8705159051E+01    0.6685869831E+01    1
    0.4346583226E+01    0.6145788402E+01    0.3225040675E+01    1
    0.2922628367E+01    0.4407777615E+01    0.3856631419E+01    1
    0.4507720252E+01    0.5809331849E+01    0.4269013294E+01    1
    0.8107115330E+01    0.8194787829E+00    0.8153029345E+01    1
    0.9084140589E+01    0.3527788811E+01    0.1249197422E+01    1
    0.9997273225E+00    0.5930422991E+01    0.1357957159E+01    2
    0.4533148295E+01    0.6592920849E+01    0.5439221111E+00    1
    0.7731183173E+00    0.3353534586E+01    0.6894591995E+01    1
    0.5317025692E+01    0.7819728656E+01    0.7879562425E+01    2
    0.8446106548E+01    0.6392918344E+01    0.7548663820E+01    1
    0.1529282907E+01    0.2815190308E+01    0.6113954008E+00    1
    0.9573244204E+01    0.7034252015E+01    0.3674919257E+01    1
    0.9089279853E+01    0.7809653768E+01    0.2067493171E+01    1
    0.5453103763E+01    0.1952584392E+01    0.9261893795E+01    1
    0.2892363744E+01    0.1128218666E+01    0.8449731812E+01    1
    0.7361330952E+01    0.4550754330E+01    0.1595775116E+01    1
    0.2752516111E+00    0.5121633341E+01    0.2814020908E+01    1
    0.7589417138E+01    0.2856383524E+01    0.2978172001E+01    1
    0.1860839517E+01    0.3858475693E+01    0.1012114410E+01    2
    0.2330935602E+01    0.4023579051E+01    0.8930894626E+01    1
    0.3195045114E+01    0.4024785916E+01    0.5700812410E+01    1
    0.2698442667E+01    0.6445178558E+01    0.7312792860E+00    2
    0.7475106180E+01    0.2063124730E+00    0.5468804307E+01    1
    0.9524532975E+01    0.9269056202E+01    0.7928663489E+01    1
    0.3251376458E+01    0.6732697994E+01    0.2682829513E+01    1
    0.8640649832E+01    0.3440737860E+00    0.6148157599E+01    2
    0.3873218689E+01    0.2318618348E+01    0.4402038374E+01    1
    0.7872625234E+01    0.7451804137E+01    0.3112375770E+01    1
    0.3730366231E+00    0.2565837303E+00    0.9908014201E+01    2
    0.2125863926E+01    0.1564433147E+01    0.9019908762E+01    1
    0.2209328070E+01    0.4513954916E+01    0.7848056566E+01    1
    0.1660480912E+01    0.6966164411E+01    0.4453496480E+01    1
    0.9481131104E+01    0.7170082846E+01    0.7405844537E+01    1
    0.9287334399E+01    0.6441110707E+01    0.8471080875E+00    1
    0.2957788389E+01    0.2437208495E+01    0.3272254642E+01    2
    0.5064813908E+01    0.1866225130E+01    0.5589725135E+01    2
    0.1004511622E+02    0.7743246025E+01    0.4008334592E+01    2
    0.8121720222E+00    0.1327063527E+01    0.9886556231E+01    2
    0.9553239178E+01    0.9062969812E+01    0.9588228989E+01    1
    0.9171002596E+01    0.1441984594E+01    0.3814902663E-01    1
    0.2423654492E+01    0.2107577986E+01    0.6007044613E+01    1
    0.3075444608E+01    0.1764517940E+01    0.7541921690E+01    1
    0.5630772911E+01    0.8802619445E+01    0.7347529162E+01    2
    0.6360273476E+01    0.2170328126E+01    0.7450455215E+01    1
    0.1518281835E+01    0.3711146031E+01    0.9553805758E+01    1
    0.2880730141E+01    0.5211947189E+01    0.8624027968E+01    1
    0.8967941349E+00    0.8680077377E+01    0.9091948584E+01    1
    0.8983998157E+01    0.1478264053E+01    0.8295661159E+01    1
    0.6173165133E+01    0.4698911408E+01    0.8418243239E+01    1
    0.3184725120E+01    0.1253371756E+01    0.4309487250E+01    1
    0.4464043179E+01    0.6036776319E+01    0.1542548980E+01    1
    0.4458236252E+01    0.7047238923E+01    0.9088225560E+01    1
    0.4954677231E+01    0.3158329322E+01    0.1614335995E+01    1
    0.3175324970E+01    0.3121691401E+01    0.3883490690E+01    1
    0.4969023728E+01    0.5579265540E+01    0.1114225449E+00    1
    0.9421673444E+01    0.2146342517E+01    0.4109075768E+01    1
    0.2213650997E+01    0.3065639431E+01    0.6592838351E+01    1
    0.4584608657E+01    0.6111099615E+01    0.5519274939E+01    1
    0.3277824866E+01    0.6278223216E+01    0.6295446548E+01    1
    0.6550062270E+01    0.1888353883E+01    0.1875875303E+01    1
    0.4596479242E+01    0.3655628928E+01    0.2522016009E+01    1
    0.1143138914E+01    0.8371468735E+00    0.4769332791E+01    1
    0.5341749242E+01    0.2672218693E+00    0.4487801921E+01    1
    0.3233151371E+01    0.6748157533E+01    0.8970104617E+01    1
    0.5806092301E+01    0.7611416540E+00    0.3480480327E+00    1
    0.3059987510E+01    0.8711714049E+01    0.7201657030E+01    1
    0.4260039311E+01    0.4926934093E-01    0.2768266031E+01    1
    0.4080399650E+00    0.2861924590E+01    0.9234669354E+01    1
    0.2061044229E+01    0.6784726282E+01    0.3663626974E+01    2
    0.9241074676E+01    0.8218104577E+01    0.3292820287E+01    1
    0.7494774658E+01    0.2553975100E+01    0.9545420249E+01    1
    0.9756601222E+01    0.4449319527E+01    0.6807550352E+01    1
    0.4988963650E+01    0.9001894290E+01    0.8884932924E+01    1
    0.5978587449E+01    0.6539442573E+01    0.5568357561E+01    1
    0.5567092285E+01    0.4313666659E+01    0.1578961661E+01    1
    0.4166937799E+01    0.4207236865E+01    0.3799989386E+01    1
    0.7575054570E+01    0.4187301307E+01    0.4362521188E+01    1
    0.2219920232E+01    0.2294694787E+01    0.4219790993E+01    1
    0.8458730712E+00    0.2495861021E+01    0.4267395421E+01    1
    0.7219568809E+01    0.1263217935E+01    0.5578423975E+01    1
    0.2528535151E+01    0.3800683338E+01    0.2815778149E+01    1
    0.2023198854E+01    0.4723089207E+01    0.3167089031E+01    1
    0.2104825493E+01    0.3408646128E+01    0.1827510316E+01    1
    0.2391180332E+01    0.6255761068E+01    0.8474182547E+01    1
    0.1425762440E+01    0.3844080140E+01    0.1963917857E+01    2
    0.3761564414E+01    0.4115193631E+01    0.5467121461E+00    1
    0.5714375642E+01    0.2839965193E+01    0.5955874479E+01    2
    0.2224275378E+01    0.8400442461E+01    0.8074776322E+01    1
    0.3361361937E+01    0.3970679705E+01    0.7744420518E+01    2
    0.4322260277E+01    0.8092683611E+00    0.8144565821E+00    2
    0.8629686852E+01    0.8465561273E+01    0.8027591613E+01    1
    0.1031007307E+01    0.9087764965E+01    0.4370767063E+01    1
    0.5974578068E+01    0.8514788776E+01    0.2298628881E+01    1
    0.4223074119E+01    0.8436557437E+01    0.7671771952E+01    1
    0.8226394790E+01    0.1455482656E+01    0.6683247535E+00    1
    0.7794621508E+01    0.2609922349E+00    0.1734622689E+01    1
    0.5589278082E+01    0.1730167487E+01    0.1095052557E+01    2
    0.3264909083E+01    0.4685509895E+00    0.5112804210E+01    1
    0.7736742781E+01    0.8903361952E+01    0.7217380492E+01    1
    0.3470037326E+01    0.5122993958E+01    0.5913048782E+01    1
    0.7952938923E+01    0.7597796227E+01    0.4933891040E+01    1
    0.3489750472E+00    0.1512291479E+01    0.4560642548E+01    1
    0.7646632553E+01    0.3047249948E-01    0.7878268709E+00    1
    0.5870621382E+00    0.5450280500E+00    0.8994009111E+00    2
    0.1510643854E+01    0.9194896459E+01    0.5810777738E+01    1
    0.3334296118E+01    0.5792951429E+01    0.1361322724E+01    2
    0.7979649371E+00    0.6939888291E+01    0.5719212124E+01    1
    0.2712529837E+01    0.6665587239E+01    0.4076253328E+01    1
    0.1425794481E+01    0.1834975613E+01    0.3734579145E+01    2
    0.9738086109E+00    0.7228476870E+00    0.7690521243E+01    1
    0.1080560225E+01    0.6509798516E+01    0.3667436356E+01    1
    0.3517388703E+00    0.9270602287E+01    0.3201284166E+01    1
    0.2446909172E+01    0.1325318873E+01    0.5054133786E+01    1
    0.5753110607E+01    0.2681299245E+01    0.5248551929E+01    1
    0.9291973102E+00    0.6196869892E+01    0.3015542341E-01    1
    0.1669440407E+01    0.9549645036E+01    0.3652998740E+01    1
    0.4302184841E+01    0.3965289361E+01    0.5413629562E+01    1
    0.3190191537E+01    0.6025236648E+00    0.7156268828E+01    1
    0.3531755653E+01    0.3817506341E+01    0.3029727564E+01    1
    0.8935437864E+01    0.3298617541E+01    0.2879261531E+01    1
    0.5659175695E+01    0.8221754449E+01    0.8796851845E+00    1
    0.9411624601E+01    0.6284996855E+01    0.5777195656E+01    1
    0.1411747763E+01    0.3068676326E+01    0.5996420948E+01    1
    0.4031801182E+01    0.3414714010E+01    0.8419757317E+01    1
    0.1064290795E+01    0.4932110677E+01    0.7228218486E+01    1
    0.3682631719E+01    0.1691306740E+01    0.1529785825E+00    1
    0.8741399025E+01    0.7376450805E+01    0.2052953773E+01    2
    0.3789813601E+01    0.7788800788E+01    0.1121332855E+00    1
    0.8741461259E+01    0.3608419422E+00    0.1439034907E+00    1
    0.8872556754E+01    0.1338888263E+01    0.2807323618E+01    1
    0.5294956972E+01    0.3601995429E+01    0.5776738018E+01    1
    0.7642300614E+01    0.3323329598E+00    0.7318174510E+01    1
    0.6263019790E+01    0.5706387935E+01    0.9063633373E+01    1
    0.2025450671E+01    0.4422214450E+01    0.2024482435E+01    1
    0.1417343135E+01    0.4876538635E+01    0.5865506229E+01    2
    0.4179258627E+01    0.8651991297E+01    0.1149862078E+01    1
    0.8448984592E+01    0.6374953923E+01    0.6725688587E+00    2
    0.4643566586E+01    0.8333351625E+01    0.5197607062E+01    1
    0.4209073742E+01    0.3059383501E+01    0.3639164833E+01    1
    0.8408082028E+01    0.3056719056E+01    0.3810119673E+01    1
    0.1800178672E+01    0.8216243716E+01    0.9673468365E+01    1
    0.9044884610E+01    0.7387158531E+01    0.3479980237E+01    2
    0.7544871932E+01    0.9194783060E+01    0.6273207448E+01    1
    0.3530140813E+00    0.1070788605E+01    0.3335960829E+01    1
    0.8766762645E+01    0.1584274787E+01    0.6076714709E+01    1
    0.2024520957E+01    0.5983816041E+01    0.6373986585E+01    1
    0.7592168967E+00    0.3430717749E+01    0.5087430388E+01    1
    0.1213157099E+00    0.3965864150E+01    0.9069488105E+01    2
    0.2516386925E+01    0.1740635678E+01    0.4706512538E+00    1
    0.7052254764E+01    0.5213726727E+01    0.5211616611E+00    1
    0.2655761292E+01    0.2638650438E+01    0.1034091632E+01    1
    0.1524031631E+00    0.6825852712E+01    0.6533131685E+01    1
    0.8711261197E+01    0.6263804921E+01    0.3896166835E+01    2
    0.6944547031E+01    0.3366891302E+01    0.3893213897E+01    1
    0.7221151133E+01    0.2088647120E+01    0.8408216452E+00    1
    0.9475036069E+01    0.6996003113E+01    0.9498328443E+01    2
    0.9766511463E+01    0.4702497908E+01    0.4312992806E+01    1
    0.5640959048E+01    0.8730860979E+01    0.1043971871E+01    2
    0.2587499500E+00    0.3272886874E+01    0.3938226427E+01    2
    0.8036027476E+01    0.8046190261E+01    0.1944925108E+01    1
    0.1841135058E+01    0.3637863500E+01    0.7442601137E+01    1
    0.1378127125E+01    0.3812334977E+01    0.2642771271E+01    1
    0.1629912109E+01    0.7005007469E+01    0.2470277104E+01    2
    0.3003623512E+01    0.5767693744E+01    0.3051836217E+01    1
    0.4160283512E+01    0.5174856816E+01    0.5540798801E+00    1
    0.1906156692E+01    0.1793895240E+01    0.1565444748E+01    1
    0.2481674918E+01    0.7330735128E+01    0.1932571760E+01    1
    0.9570844340E+01    0.8262720706E+01    0.7161128271E+01    1
    0.3940535404E+01    0.4394842403E+01    0.2475137386E+01    2
    0.9629526177E+01    0.1188134516E+01    0.3512891208E+01    2
    0.8665389950E+00    0.4376231932E+01    0.3356617627E+01    1
    0.6867528506E+01    0.5017271946E+01    0.6119686469E+01    1
    0.1104389934E+01    0.3991078174E+01    0.6299529189E+01    1
    0.2561436086E+01    0.1325720511E+01    0.2536735453E+01    2
    0.5524577062E+00    0.3720322156E+01    0.2832160516E+01    2
    0.6927564450E+01    0.7719811345E+01    0.9191073078E+01    1
    0.5026368149E+00    0.7719565920E+01    0.3723405391E+01    1
    0.8004977864E+01    0.7581044814E+01    0.8918235150E+01    1
    0.4764169301E+01    0.5043645501E+01    0.3239859918E+01    1
    0.5105572334E+01    0.3827456400E+01    0.3381838529E+01    1
    0.3760099849E+01    0.3569868568E+01    0.2993810777E+01    2
    0.9552764156E+01    0.6437503956E+01    0.2363888829E+00    2
    0.2604071208E+01    0.6240057942E+01    0.7341981548E+01    1
    0.6682816918E+01    0.7406504349E+01    0.1387596041E+01    1
    0.1115949596E+01    0.1580396882E+01    0.6175032068E+00    2
    0.9694051154E+01    0.6291608724E+01    0.8833476831E+01    1
    0.7776301658E+01    0.8213959787E+01    0.1648154900E+00    1
    0.9449699441E+01    0.8648625995E+01    0.4168933865E+01    1
    0.1044682425E+01    0.5741088313E+01    0.6600713439E+01    1
    0.2984027056E+01    0.2633303012E+01    0.9713344823E+01    1
    0.6272820118E+01    0.7041473527E+00    0.5567302783E+01    1
    0.3772692725E+01    0.9426972012E+01    0.7745771424E+01    1
    0.3969560081E+01    0.9494096075E+01    0.1759119829E+01    1
    0.2451340647E+01    0.8757538451E+01    0.1579123342E+01    1
    0.7240837697E+01    0.6007118432E+00    0.3433539124E+01    1
    0.1009010679E+02    0.2484032968E+01    0.1884817756E+01    2
    0.3532555576E+01    0.5841445333E+01    0.1025876133E+01    1
    0.4408091581E+00    0.5505043586E+01    0.5737077237E+01    1
    0.7556577206E+01    0.6210152640E+01    0.8683956500E+01    1
    0.9486234336E+01    0.7699538043E+01    0.9262853133E+00    1
    0.7435040738E+01    0.8562169516E+01    0.8506055658E+01    1
    0.7208625224E+01    0.6711293902E+01    0.5055585295E+01    1
    0.5633993552E+01    0.2384697310E+01    0.2350944050E+01    2
    0.8777283428E+01    0.3433673907E+01    0.7420700231E+01    1
    0.5440021853E+01    0.2095104269E+01    0.1491088873E+01    1
    0.6369572529E+01    0.3604217431E+01    0.4997968928E+01    2
    0.6370392207E+01    0.7526472095E+01    0.6321467086E+01    1
    0.4209769683E+01    0.3476000242E+00    0.6542670255E+01    1
    0.5953655278E+01    0.9290413406E+01    0.5665511964E+01    1
    0.2269724555E+01    0.8279600453E+01    0.6266899171E+01    1
    0.4338352717E+01    0.3311288029E+01    0.6200413224E+01    1
    0.3847646982E+01    0.7246624143E+00    0.1325235765E+01    1
    0.9333515054E+01    0.5244919721E+00    0.6466094437E+01    1
    0.7049925317E+01    0.9939765664E+00    0.2387601809E+01    1
    0.4610092142E+01    0.2631461303E+01    0.5574036124E+01    1
    0.8897769895E+01    0.8817696354E+01    0.2294765587E+01    1
    0.1629788297E+01    0.8232853160E+01    0.2078241117E+01    2
    0.1621471234E+01    0.5680415148E+01    0.9156979800E+01    1
    0.3663688150E+01    0.5306164677E+01    0.7250376824E+01    2
    0.4343437337E+01    0.4630862014E+01    0.8309713066E+01    1
    0.5986597379E+01    0.3275147532E+01    0.3248280609E+01    1
    0.8289701029E+01    0.7480975211E+01    0.6827206273E+01    1
    0.5129734153E+01    0.6158641967E+01    0.2423378485E+01    1
    0.3689912709E+01    0.3198731517E+01    0.1099376539E-01    2
    0.1223613635E+01    0.5877273332E+01    0.5155781237E+01    1
    0.7150226203E+01    0.8685571019E+01    0.4554211160E+01    1
    0.4988349400E+01    0.3340185179E+01    0.4631324727E+01    1
    0.2850669376E+01    0.3552703353E+01    0.7846523349E+01    1
    0.8802797963E+01    0.1675870158E+01    0.2278527467E+01    2
    0.9659860129E+01    0.4829190957E+01    0.2124656108E+01    2
    0.6297497254E+01    0.8836957352E+01    0.6680878477E+01    1
    0.5017879348E+01    0.4832019005E+01    0.4234229443E+01    1
    0.2523129063E+01    0.6909744032E+01    0.5679222494E+01    1
    0.5706463098E+01    0.6503896029E+01    0.7447420440E+01    1
    0.3342889414E+01    0.6876953083E+01    0.2447812245E+01    2
    0.6528496113E+01    0.7568991113E+01    0.4758113113E+01    1
    0.4953309966E+01    0.4081943621E+01    0.7539602795E+01    1
    0.9617087787E+01    0.5700236764E+01    0.7122520692E+01    1
    0.7537311990E+01    0.4525565592E+01    0.5326872537E+01    1
    0.5135803289E+01    0.6190804526E+01    0.8431666290E+01    1
    0.2869416435E+01    0.9363229908E+01    0.6481547664E+01    1
    0.3079635329E+01    0.3768932573E+01    0.1690861683E+01    1
    0.6416682285E+01    0.2625039701E+01    0.6179871545E+01    1
    0.1837604601E+01    0.8123313572E+00    0.3651655747E+01    1
    0.3072200578E+01    0.9610674742E+00    0.6229817995E+01    1
    0.3887120574E+01    0.9118587961E+01    0.9250912478E+01    1
    0.8493484051E+01    0.4369130347E+01    0.2262143745E+01    1
    0.9133586931E+01    0.7699384427E+01    0.6430526692E+01    1
    0.1588201029E+01    0.8175380857E+01    0.1212699832E+01    1
    0.9059157342E+01    0.6746133906E+01    0.4601324405E+01    1
    0.3545159901E+01    0.8989457035E+01    0.4260338337E+01    2
    0.2376848828E+01    0.5211249357E+01    0.4663925205E+01    1
    0.1933268529E+01    0.1757923705E+00    0.5111975264E+01    1
    0.6358034814E+01    0.1488974180E+01    0.4664417096E+01    1
    0.5464043955E+00    0.8145277958E+00    0.4742302797E+00    1
    0.9369644470E+00    0.8901511418E+01    0.1173034938E+01    1
    0.4304883638E+01    0.5535824405E+01    0.3361453562E+01    2
    0.4985120659E+01    0.8326070678E+00    0.3504611104E+01    1
    0.1046491637E+01    0.2845016637E+01    0.1249025056E+01    2
    0.3133613472E+01    0.3377881439E+01    0.4109740890E+01    2
    0.8208124854E+01    0.1247222675E+01    0.5143359463E+01    1
    0.1332357006E+01    0.5830550677E+01    0.7659255433E+01    1
    0.6744154933E+01    0.1897103794E+01    0.3132989988E+01    2
    0.2844898347E+01    0.7736677107E+01    0.8763832495E+00    1
    0.1090362831E+01    0.6062007770E+01    0.2187308368E+01    1
    0.7709394599E+01    0.6059133102E+01    0.5971482692E+01    1
    0.9671080549E+01    0.6968028120E+01    0.2785106627E+01    2
    0.4950709787E+01    0.9183979005E+01    0.7513598997E+01    1
    0.6301694094E+01    0.8815713948E+01    0.8454250360E+01    1
    0.8269782701E+01    0.2369165431E+01    0.7132437855E+01    1
    0.5320788396E+01    0.7850536706E+00    0.6116259027E+01    1
    0.2226558546E+00    0.4846522443E+01    0.4283199318E+00    1
    0.2546170608E+01    0.7752429667E+00    0.1204392475E+01    1
    0.7922785126E+01    0.1229901781E+01    0.6544070657E+01    1
    0.1212204553E+00    0.3930385144E+00    0.2550375092E+01    1
    0.8207043014E+01    0.4229043783E+01    0.9555002450E+00    1
    0.3908351163E+01    0.5692018078E+01    0.2392626177E+01    1
    0.4542311862E+01    0.7184424684E+01    0.4998463924E+01    1
    0.2780277026E+00    0.2785386181E+01    0.1978859916E+01    1
    0.9114675960E+00    0.1341788966E+01    0.1648395548E+01    2
    0.3675117782E+00    0.5631025613E+01    0.4660739980E+01    1
    0.3849550829E+01    0.7234362529E+01    0.9929547114E+01    2
    0.9607278736E+00    0.1177038038E+01    0.9135156720E+01    1
    0.4881824188E+01    0.4973369112E+01    0.5210110899E+01    1
    0.7374698999E+01    0.1378376574E+01    0.9356857001E+01    2
    0.1216761318E+01    0.3475289560E+00    0.1206545185E+01    1
    0.5975427454E+01    0.1582324561E+00    0.1934480239E+01    1
    0.3216129174E+01    0.9123749225E+01    0.9507144193E+00    1
    0.1431999359E+00    0.1627128169E+01    0.6042066435E+01    1
    0.1277191978E+01    0.2724158624E+01    0.1695913785E+01    1
    0.6773775990E+00    0.7581341370E+01    0.2779287210E+01    2
    0.8369818439E+01    0.5408097649E+01    0.3066726244E+01    1
    0.9939442959E+01    0.1693458298E+01    0.9863399509E+01    2
    0.9085476451E-01    0.2160045175E+01    0.8293129093E+01    1
    0.5715422031E+01    0.7860465486E+01    0.5330330646E+01    1
    0.6011580884E+01    0.9036022187E+00    0.2948591022E+01    1
    0.5098180797E-01    0.2968537342E+01    0.7355981765E+00    2
    0.3575694409E+01    0.4940548710E+01    0.1239435070E+00    2
    0.6305211399E+01    0.2440115028E+01    0.5155014265E+01    2
    0.3994168542E+01    0.4626876481E+01    0.2547064390E+01    1
    0.9706828488E+01    0.3429647003E+01    0.9954273234E+01    2
    0.4665627519E+00    0.7403490539E+01    0.9086139536E+01    1
    0.5555734070E+01    0.5538545334E+01    0.5794042527E+01    1
    0.4218445767E+01    0.7124059100E+01    0.2585741578E+01    1
    0.8539815735E+01    0.2653125169E+01    0.2836047057E+00    1
    0.3717621837E+01    0.1442179569E+01    0.2173473844E+01    1
    0.4789512589E+01    0.4104108428E+01    0.1699416831E+01    2
    0.4079053487E+01    0.1392256486E+01    0.5436950222E+01    1
    0.3950913249E+01    0.3064776671E+01    0.9749451520E+01    1
    0.7522872988E+00    0.6890983270E+01    0.7475869069E+01    1
    0.9731534713E+01    0.3057474543E+01    0.7761837285E+01    1
    0.8657961216E+01    0.6853606774E+01    0.2247019378E+01    1
    0.9006858361E+01    0.3018669689E+00    0.2059511732E+01    1
    0.8754036979E+01    0.4684430775E+01    0.4455732720E+01    1
    0.3456564289E+01    0.2363096996E+01    0.3225602247E+01    1
    0.3416800332E+01    0.8554498121E+00    0.2931047740E+01    1
    0.3201215438E+00    0.3862701774E+01    0.2750216469E+00    1
    0.9679931640E+01    0.9634059973E+01    0.5531346502E+01    1
    0.1704419090E+01    0.9779172601E+01    0.9708741742E+01    2
    0.2563774754E+01    0.3552895359E+01    0.1507343708E+00    1
    0.6114141531E+01    0.5333465192E+01    0.1420089006E+01    1
    0.1692448629E+01    0.2450152127E+01    0.2850851188E+00    2
    0.3561764782E+01    0.3671609149E+01    0.4635117044E+01    1
    0.4918499380E+01    0.3922456149E+00    0.9540715651E+01    1
    0.5459298225E+01    0.4682656439E+00    0.8634159156E+01    1
    0.9127165705E+00    0.9148012354E-01    0.8926262983E+01    1
    0.2745356552E+01    0.1189057449E+01    0.2250696158E+01    1
    0.3723977558E+01    0.9376325530E+01    0.5974838478E+01    1
    0.2393176587E+01    0.3281696166E+00    0.2931187708E+01    1
    0.2496829572E+01    0.3917563013E+01    0.4682881142E+01    1
    0.8522460118E+01    0.6500090002E+01    0.3196847434E+01    1
    0.7272559222E+01    0.6051090426E+01    0.9717016152E+01    1
    0.2296726444E+01    0.2824677086E+01    0.8955897806E+01    1
    0.7500607984E+01    0.1991707817E+01    0.1842962782E+01    2
    0.3546768182E+01    0.4857714693E+01    0.1612227474E+01    1
    0.5150514048E+01    0.8373964701E+01    0.1710207595E+01    1
    0.3529307814E+01    0.6581225963E+01    0.6783051614E+01    2
    0.4097274280E+00    0.4456529505E+01    0.5513467886E+01    1
    0.7011745808E+01    0.3291415437E+01    0.3079021280E+01    2
    0.4964747569E+01    0.2767553284E+01    0.3003455840E+01    1
    0.8249609632E+01    0.2649425205E+01    0.1803935673E+01    2
    0.5522440954E+01    0.3961897396E+01    0.9056947662E+01    1
    0.6827027221E+01    0.8332766706E+01    0.5880758528E+01    1
    0.4663441669E+01    0.6191453396E+01    0.7493832817E+01    1
    0.3511929344E+01    0.6747760415E+01    0.3295688985E+00    1
    0.4661590495E+01    0.7183990688E+01    0.7995951083E+01    1
    0.7777682028E+01    0.1488183034E+01    0.2961454427E+01    2
    0.5984749921E+01    0.1080845781E+01    0.9613341799E+01    2
    0.4697222844E+00    0.6656477393E+01    0.3612194414E+01    2
    0.9697362542E+01    0.4730259356E+01    0.4095539225E+01    2
    0.4039785636E+00    0.3533161351E+01    0.3972921704E+01    1
    0.9038710438E+01    0.4239018088E+01    0.9788575082E+01    1
    0.8470981899E+01    0.7222205210E+01    0.1173960086E+01    1
    0.3913456542E+01    0.3031306651E+00    0.8934952060E+01    1
    0.7890954500E+01    0.1968420514E+01    0.5831982750E+01    1
    0.6966181648E+01    0.9373557553E+01    0.6566776165E+01    2
    0.7860844609E+01    0.3784882695E+01    0.2462549115E+01    2
    0.3216100334E+00    0.1821350454E+01    0.3727375294E+01    2
    0.2937411335E+01    0.9815717970E+00    0.9560368376E+01    1
    0.1934443201E+01    0.4215473054E-01    0.1851007663E+01    1
    0.3431349209E+01    0.2016579225E+01    0.6109518276E+01    1
    0.4681634545E+01    0.3523195184E+01    0.4634805232E+00    1
    0.3318163713E+01    0.8053805280E+01    0.8162824693E+01    1
    0.4889425327E+01    0.1059110468E+01    0.1693665238E+01    1
    0.2222797047E+01    0.7548343453E+01    0.7044325927E+01    2
    0.7673533395E+01    0.7154071170E+01    0.5587504654E+00    1
    0.3714251546E+01    0.7204287381E+01    0.7325621612E+01    1
    0.9584595123E+01    0.3775121840E+01    0.1005676265E+01    2
    0.1421999741E+01    0.3578893638E+01    0.3868068362E+01    1
    0.9322572241E+01    0.2155246717E+01    0.1352216694E+01    1
    0.1316666580E+01    0.6122275982E+01    0.3948810728E+01    2
    0.7238043672E+01    0.8045082481E+01    0.7540651369E+01    1
    0.5971033972E+01    0.1197017508E+01    0.1388530087E+01    1
    0.1508692882E+01    0.7852870408E+01    0.3388883643E+01    2
    0.1971499400E+01    0.5855837690E+01    0.2504430453E+01    1
    0.1337427034E+01    0.3195134223E+01    0.8671856953E+01    1
    0.1557014024E-01    0.7197594388E+00    0.9291963596E+01    1
    0.4856661716E+01    0.4092962842E+01    0.5273016416E+01    2
    0.2063967741E+01    0.9556338557E+01    0.3780583295E+00    1
    0.7538977786E+01    0.6777036633E+01    0.2269152895E+01    1
    0.1410721387E+01    0.7160802378E+01    0.9508990420E+01    1
    0.4423569137E+00    0.1007272315E+01    0.6837909346E+01    1
    0.1269253598E+01    0.3852189563E+01    0.7761342293E+00    1
    0.1884220632E+01    0.2547328647E+01    0.7822433028E+01    1
    0.2575026340E+01    0.2792700080E+00    0.4174047829E+01    1
    0.4099712751E+01    0.3748863881E+01    0.8580302624E+01    2
    0.1101284368E+01    0.4493234727E+01    0.4342303580E+01    1
    0.6707375843E+01    0.1140193412E+01    0.6499488791E+01    1
    0.8658970711E+01    0.4281645194E+01    0.6876738087E+01    1
    0.8278095344E+01    0.1205946071E+01    0.1904864641E+01    1
    0.8424881280E+01    0.7908554299E+01    0.5750885839E+01    1
    0.6259862150E+01    0.9359484192E+01    0.3893847488E+01    1
    0.5615409702E+01    0.6882846227E+01    0.9497209094E+01    1
    0.5019898492E+01    0.1931673402E-01    0.1669566604E+01    1
    0.5572682424E+01    0.4444269608E+01    0.2668307398E+01    1
    0.3562099854E+01    0.7479212360E+01    0.8151280781E+01    2
    0.4789011021E+01    0.5055378159E+01    0.1616933208E+01    1
    0.5711668531E+01    0.3627429361E+01    0.6990298073E+00    1
    0.7278543479E+01    0.2902432646E+01    0.5411929704E+01    1
    0.2344024908E+01    0.5795252957E+01    0.3397187213E+01    2
    0.7965996987E+01    0.1343075894E+01    0.9346916744E+01    1
    0.6402984930E+01    0.4577241980E+01    0.4905085858E+01    1
    0.7728059130E+01    0.3730664766E+01    0.9513441713E+01    2
    0.6735001491E+01    0.3230902123E+01    0.3792174594E+00    1
    0.9394467727E+01    0.4886499233E+01    0.6068056461E+01    1
    0.6762824336E+01    0.5788268420E+01    0.5203555677E+01    1
    0.8265165254E-01    0.6745513845E+00    0.1453097799E+01    1
    0.1743128385E+01    0.2975789848E+01    0.4771007518E+01    1
    0.2737697579E+01    0.7783524801E+01    0.1467086689E+01    2
    0.7410258421E+01    0.5013801424E+01    0.9441707463E+01    1
    0.1435829848E+01    0.1556081697E+01    0.5691206177E+01    1
    0.6285419978E+01    0.6048757655E+01    0.3491982620E+00    1
    0.9204580493E+00    0.1211289625E+00    0.6350117374E+01    1
    0.6594050180E+01    0.9085726712E+01    0.1443868501E+01    1
    0.8621832737E+01    0.9687867514E+01    0.7241076580E+01    1
    0.1652144060E+00    0.4234305807E+01    0.9008357406E+01    1
    0.3443770849E+00    0.4234467454E+01    0.7784879464E+01    1
    0.8186886470E+01    0.6175918565E+01    0.1458657882E+01    1
    0.3705162561E+01    0.6467158567E+01    0.4646163860E+01    1
    0.8660414654E+01    0.6215002092E+01    0.6541600291E+01    1
    0.7029051080E+01    0.9524493698E+01    0.2454474120E+01    1
    0.7471252300E+01    0.7300836601E+01    0.6099960041E+01    1
    0.5567149772E+01    0.4742438644E+01    0.6726139800E+01    1
    0.4224960625E+01    0.4512476266E+01    0.6411190001E+01    1
    0.5444089855E+01    0.5907271928E+01    0.3459249985E+01    2
    0.3829003945E+00    0.5704625904E+01    0.1238406465E+01    1
    0.7730209635E+01    0.8908470018E+01    0.1380740219E+01    1
    0.9788114069E+01    0.8502119616E+01    0.1526684670E+01    1
    0.4985365264E+01    0.2896829779E+01    0.1327261861E+01    2
    0.8066180293E+01    0.9523596152E+01    0.8057286809E+01    1
    0.3801437548E+01    0.5022535819E+01    0.4865977336E+01    1
    0.5906453764E+01    0.9426810341E+01    0.7642990384E+01    1
    0.4054592273E+01    0.5108212437E+01    0.1586543005E+01    2
    0.1015449657E+01    0.1745972139E+01    0.8053411741E+01    1
    0.1137241058E+01    0.7088310982E+01    0.2751424722E+01    1
    0.6447776928E+01    0.4688981542E+01    0.2272604762E+01    1
    0.5788824357E+01    0.9042582048E+01    0.9629717596E+01    1
    0.6259358796E+01    0.6424713378E+01    0.8140798476E+00    2
    0.3037972294E+01    0.3817754049E+01    0.6810432501E+01    1
    0.1984476356E+01    0.5007083686E+01    0.2410951937E+01    2
    0.6445792852E-01    0.1563278274E+01    0.2703304011E+01    2
    0.2583238558E+01    0.7308691357E+01    0.7857329833E+01    1
    0.6856179935E+01    0.3334494803E+01    0.8726614020E+00    2
    0.6268582304E+01    0.1822920591E+01    0.8567882452E+01    1
    0.2914387084E+01    0.4612067103E-01    0.1996950142E+01    1
    0.4723294727E+01    0.6434130929E+00    0.5233899696E+01    1
    0.8762949509E+01    0.3726628107E+01    0.3718143240E+00    2
    0.5886803089E+01    0.8465039081E+00    0.7143542135E+01    1
    0.4537244592E+01    0.7665536807E+01    0.5948343804E+01    1
    0.2971226437E+01    0.4328885437E+01    0.3229640909E+01    2
    0.2184609581E+01    0.9053893289E+01    0.2631889199E+01    1
    0.5482582496E+01    0.7403759504E+01    0.3030270355E+01    1
    0.6555639748E+01    0.1719454770E+01    0.3612532402E+01    1
    0.5464962398E+01    0.9322130116E+01    0.2598302755E+01    1
    0.8226718663E+01    0.3708333036E+01    0.4377107211E+01    2
    0.2649746839E+01    0.7709922059E+01    0.8955453577E+01    1
    0.3853549657E+00    0.3923008601E+01    0.8136593631E+00    2
    0.5839664617E+01    0.2369884378E+01    0.4210496645E+00    1
    0.2589035443E+01    0.4583734703E+01    0.9976535387E+00    2
    0.9431626862E+01    0.3781767915E+01    0.4726473840E+01    1
    0.2680838367E+00    0.8677071476E+01    0.6753978841E+01    2
    0.4870729358E+01    0.9632359661E+01    0.4444578310E+01    2
    0.1220352243E+01    0.2158367645E+01    0.9648541895E+01    1
    0.8485801508E+01    0.2330661180E+01    0.9095320913E+01    1
    0.1656830632E+01    0.8368164463E+00    0.6388067355E+01    1
    0.2255473790E+01    0.8353510609E+01    0.4332623270E+01    1
    0.7146443059E+01    0.7698270306E+01    0.2369571603E+01    1
    0.9874117572E+01    0.2416655312E+01    0.4680035552E+01    2
    0.4645832712E+01    0.2177796354E+01    0.2225828849E+01    1
    0.8631674602E+01    0.2130048764E-01    0.5418096517E+01    1
    0.3216493551E+01    0.5107937864E+01    0.9199060300E+01    2
    0.8125342824E+01    0.4973763577E+01    0.6186493288E+01    1
    0.5122976818E+00    0.2492398606E+01    0.1004214040E+02    2
    0.9884252939E+01    0.4865515095E+01    0.1048789991E+01    2
    0.9742620815E+01    0.1875007178E+01    0.7128323186E+01    1
    0.8138371515E+01    0.3143587005E+00    0.6381193096E+01    1
    0.7129588182E+01    0.5268681299E+01    0.4113067796E+01    1
    0.1379005839E+01    0.5070254422E+01    0.5830208967E+01    1
    0.6055043058E+01    0.4675558752E+01    0.3684287790E+01    1
    0.2880422631E+01    0.3962503324E+01    0.2060104576E+01    2
    0.3848184743E+00    0.2136753516E+01    0.3221460876E+01    1
    0.9318536681E+01    0.5980954228E+01    0.2555658085E+01    2
    0.2551144973E+01    0.7330616883E+01    0.6804403491E+01    1
    0.9679559170E+01    0.9363695945E+01    0.6825547030E+01    1
    0.3382950360E+01    0.8938890198E+01    0.4360044388E+01    1
    0.9095463510E+01    0.7963363764E+01    0.8817250448E+01    1
    0.8963258658E+00    0.6357987437E+01    0.2775915622E+01    2
    0.4745749820E+01    0.8009235997E+01    0.8799047854E+01    1
    0.8180766858E+01    0.9069440946E+01    0.4477117622E+00    1
    0.8148962893E+01    0.2426655919E+01    0.7975438069E+01    2
    0.7300506775E+01    0.2450248037E+01    0.6743292339E+01    1
    0.3723405829E+01    0.5148592367E+01    0.3651423809E+01    1
    0.1869216958E+01    0.9706673107E+00    0.1003873652E+02    2
    0.1508861940E+00    0.9632984025E+01    0.8358880242E+00    1
    0.7390635790E+01    0.2484304777E-01    0.7566712093E+01    2
    0.7802236472E+00    0.7094266180E+01    0.2264833451E+00    2
    0.1337144085E+01    0.1731063308E+01    0.3393791217E+01    1
    0.6805681535E+01    0.3985219089E+01    0.6289131824E+01    1
    0.7241479215E+01    0.1126537522E+01    0.1413557061E+01    1
    0.9249387976E+01    0.2790812324E+01    0.2587022694E+01    2
    0.3159040298E+01    0.2739595282E+01    0.6790223640E+01    1
    0.4742644090E+01    0.1054091726E+01    0.6349144777E+00    1
    0.5862335442E+00    0.8186030222E+00    0.5591087217E+01    1
    0.9580415850E+01    0.9444036858E+00    0.5303432112E+01    2
    0.6842288038E+01    0.1229884606E+00    0.8160820215E+01    1
    0.2920950364E+01    0.8802961106E+01    0.8934196745E+01    1
    0.7419171185E+01    0.1907962985E+01    0.8643133676E+01    1
    0.1842231373E+00    0.2778594431E+01    0.6004708248E+01    1
    0.9504205889E+01    0.5381614506E+00    0.7616673698E+01    1
    0.8000003643E+00    0.1868996297E+01    0.9428484787E+00    1
    0.6656368336E+01    0.1000258034E+00    0.6502462180E+01    1
    0.6761338454E+01    0.5811911626E+01    0.7544963816E+01    1
    0.9734405715E+01    0.1226624517E+01    0.9879899608E+00    2
    0.4699687037E+01    0.3884322530E+01    0.6837549744E+01    2
    0.2007825543E+01    0.1497595317E+01    0.7568500674E+01    1
    0.6580111299E-01    0.2783195911E+01    0.2960758462E+01    2
    0.8076311955E+01    0.6875278348E+01    0.3983779088E+01    1
    0.4396591348E+01    0.4169771169E+01    0.1313983092E+01    1
    0.6340038931E+01    0.7395882568E+01    0.2873792786E+00    1
    0.3117459148E+01    0.6545260762E+01    0.3710065656E+01    2
    0.8987041696E+01    0.3877817429E+00    0.3526605645E+01    1
    0.3475877002E+01    0.5244821765E+01    0.2875962421E+01    2
    0.4845598773E+01    0.9140403091E+01    0.3458004609E+01    1
    0.8635687889E+01    0.2405964952E+01    0.4342230256E+01    2
    0.8806894773E+01    0.5533221059E+01    0.1949780859E+01    1
    0.6213552059E+01    0.6548817072E+01    0.4466648103E+01    1
    0.1662554170E+01    0.2694299461E+01    0.3272715786E+01    1
    0.4455834861E+00    0.2825072371E+01    0.9574910379E+00    1
    0.6743307683E+01    0.8424862616E+01    0.4692738744E+00    1
    0.5169887180E+01    0.2975930490E+01    0.9351605406E+01    1
    0.2102604738E+00    0.6258987916E+01    0.1893590775E+01    2
    0.8540042162E+01    0.4122995097E+01    0.5395404264E+01    1
    0.4707889449E+01    0.2143769231E+01    0.5448126285E+00    1
    0.5513174908E+01    0.5983640410E+01    0.4051404282E+01    1
    0.1316320232E+01    0.5259858119E+01    0.1562099635E+01    1
    0.7781279284E+01    0.3577340843E+01    0.1184337748E+00    1
    0.9006402025E+01    0.3131164775E+01    0.8835280682E+01    1
    0.1684111968E+01    0.1074933365E+01    0.2649302164E+01    1
    0.6415818052E+01    0.1591639513E+01    0.3394140296E+00    1
    0.1108275285E+01    0.2496083054E+01    0.2820863712E+01    2
    0.3502108473E+01    0.7273452795E+01    0.5406197095E+01    1
    0.7292597380E+01    0.4265395890E+01    0.8678389447E+01    2
    0.3821578034E+01    0.5545562733E+01    0.6996293164E+01    1
    0.3282863609E+01    0.1754797403E+01    0.1164792461E+01    1
    0.8561202183E+01    0.6900429103E+01    0.5542750609E+01    1
    0.6499300849E+01    0.4593972054E+01    0.7122188446E+01    1
    0.5828469965E+01    0.4511775142E+01    0.5761606369E+01    1
    0.8721830290E+01    0.8475893487E+01    0.2223366453E+01    2
    0.3172635308E+01    0.5860389995E+01    0.5333964427E+01    1
    0.1934055507E+01    0.7329868125E+01    0.9746412903E+01    2
    0.6627701476E+01    0.9556250970E+00    0.9112630648E+01    1
    0.7817609893E+01    0.3924688163E+01    0.6362807042E+01    1
    0.5916253644E+01    0.2697676411E+01    0.4119235485E+01    1
    0.5036625355E+01    0.6592947221E+01    0.6590209529E+01    1
    0.7803090717E+01    0.1847481915E+01    0.2770926740E+01    1
    0.6238999781E+01    0.3090388275E+01    0.9275461237E+01    1
    0.1965919480E+01    0.4510763946E+00    0.9138197680E+01    1
    0.1514109404E+01    0.1335788145E+01    0.5222030647E+00    1
    0.9557295219E+01    0.8157109516E+01    0.6575530414E+01    2
    0.3347285756E+01    0.4689711975E+01    0.4056264327E+01    2
    0.3452110367E+01    0.4162305977E+01    0.8705610995E+01    1
    0.1938382342E+01    0.7837765914E+01    0.5268644055E+01    1
    0.7732550774E+01    0.5757893842E+01    0.6848844201E+01    1
    0.2504394772E+01    0.8246738414E+01    0.3083161288E+01    2
    0.9536361150E+01    0.5696408514E+01    0.3593887777E+01    1
    0.8519633197E+01    0.9118638533E+01    0.8939837147E+01    1
    0.1243106907E+01    0.2412257105E+00    0.2838076017E+01    1
    0.2494275699E+01    0.9598480207E+01    0.7755801442E+01    1
    0.8178344263E+01    0.1055688794E-01    0.2635757046E+01    1
    0.8776815196E+01    0.1209880347E+01    0.7146090747E+01    1
    0.7408595668E-02    0.7732453198E+01    0.5764000094E+01    2
    0.6297690934E+00    0.7945558806E+01    0.6675542207E+01    1
    0.1615832362E+01    0.7706014752E+01    0.7488016985E+01    1
    0.4681917841E+01    0.8888225018E+01    0.2132039628E+00    1
    0.7659339591E+01    0.1511742175E+01    0.3890363029E+01    1
    0.4611051077E+01    0.4916390602E+01    0.7289122639E+01    2
    0.5694951250E+01    0.9317683611E+01    0.7831044587E+00    1
