   5.0100200400801601E-003   0.0000000000000000     
   1.5030060120240480E-002   0.0000000000000000     
   2.5050100200400799E-002   0.0000000000000000     
   3.5070140280561123E-002   0.0000000000000000     
   4.5090180360721439E-002   0.0000000000000000     
   5.5110220440881763E-002   0.0000000000000000     
   6.5130260521042080E-002   0.0000000000000000     
   7.5150300601202397E-002   0.0000000000000000     
   8.5170340681362727E-002   0.0000000000000000     
   9.5190380761523044E-002   0.0000000000000000     
  0.10521042084168336        0.0000000000000000     
  0.11523046092184368        0.0000000000000000     
  0.12525050100200399        0.0000000000000000     
  0.13527054108216433        0.0000000000000000     
  0.14529058116232466        0.0000000000000000     
  0.15531062124248496        0.0000000000000000     
  0.16533066132264529        0.0000000000000000     
  0.17535070140280559        0.0000000000000000     
  0.18537074148296592        0.0000000000000000     
  0.19539078156312625        0.0000000000000000     
  0.20541082164328656        0.0000000000000000     
  0.21543086172344689        0.0000000000000000     
  0.22545090180360722        0.0000000000000000     
  0.23547094188376752        0.0000000000000000     
  0.24549098196392785        0.0000000000000000     
  0.25551102204408815        0.0000000000000000     
  0.26553106212424848        0.0000000000000000     
  0.27555110220440882        0.0000000000000000     
  0.28557114228456915        0.0000000000000000     
  0.29559118236472942        0.0000000000000000     
  0.30561122244488975        0.0000000000000000     
  0.31563126252505008        0.0000000000000000     
  0.32565130260521041        0.0000000000000000     
  0.33567134268537074        0.0000000000000000     
  0.34569138276553107        0.0000000000000000     
  0.35571142284569135        0.0000000000000000     
  0.36573146292585168        0.0000000000000000     
  0.37575150300601201        0.0000000000000000     
  0.38577154308617234        0.0000000000000000     
  0.39579158316633267        0.0000000000000000     
  0.40581162324649295        0.0000000000000000     
  0.41583166332665328        0.0000000000000000     
  0.42585170340681361        0.0000000000000000     
  0.43587174348697394        0.0000000000000000     
  0.44589178356713427        0.0000000000000000     
  0.45591182364729455        0.0000000000000000     
  0.46593186372745488        0.0000000000000000     
  0.47595190380761521        0.0000000000000000     
  0.48597194388777554        0.0000000000000000     
  0.49599198396793587        0.0000000000000000     
  0.50601202404809620        0.0000000000000000     
  0.51603206412825653        0.0000000000000000     
  0.52605210420841686        0.0000000000000000     
  0.53607214428857708        0.0000000000000000     
  0.54609218436873741        0.0000000000000000     
  0.55611222444889774        0.0000000000000000     
  0.56613226452905807        0.0000000000000000     
  0.57615230460921840        0.0000000000000000     
  0.58617234468937873        0.0000000000000000     
  0.59619238476953906        0.0000000000000000     
  0.60621242484969939        0.0000000000000000     
  0.61623246492985972        0.0000000000000000     
  0.62625250501002006        0.0000000000000000     
  0.63627254509018039        0.0000000000000000     
  0.64629258517034061        0.0000000000000000     
  0.65631262525050094        0.0000000000000000     
  0.66633266533066127        0.0000000000000000     
  0.67635270541082160        0.0000000000000000     
  0.68637274549098193        0.0000000000000000     
  0.69639278557114226        0.0000000000000000     
  0.70641282565130259        0.0000000000000000     
  0.71643286573146292        0.0000000000000000     
  0.72645290581162325        0.0000000000000000     
  0.73647294589178358        0.0000000000000000     
  0.74649298597194391        0.0000000000000000     
  0.75651302605210413        0.0000000000000000     
  0.76653306613226446        0.0000000000000000     
  0.77655310621242479        0.0000000000000000     
  0.78657314629258512        0.0000000000000000     
  0.79659318637274545        0.0000000000000000     
  0.80661322645290578        0.0000000000000000     
  0.81663326653306612        0.0000000000000000     
  0.82665330661322645        0.0000000000000000     
  0.83667334669338678        0.0000000000000000     
  0.84669338677354711        0.0000000000000000     
  0.85671342685370733        8.6911096313257172E-004
  0.86673346693386766        1.6982645816777681E-003
  0.87675350701402799        7.4685120289147925E-003
  0.88677354709418832        1.9062906094940633E-002
  0.89679358717434865        2.7364083990257786E-002
  0.90681362725450898        7.2918660943847635E-002
  0.91683366733466931       0.10472370145636578     
  0.92685370741482964       0.16076170880352500     
  0.93687374749498997       0.28270575418946531     
  0.94689378757515030       0.35857109314172880     
  0.95691382765531063       0.48694383612403935     
  0.96693386773547085       0.58879578320912584     
  0.97695390781563118       0.78396627794018314     
  0.98697394789579151       0.92070719691618386     
  0.99699398797595185        1.0052937686306611     
   1.0070140280561122        1.1530261757697757     
   1.0170340681362724        1.2207656963796361     
   1.0270541082164328        1.2663038003417666     
   1.0370741482965931        1.3952690553758336     
   1.0470941883767535        1.4969810392240983     
   1.0571142284569137        1.5420881838352205     
   1.0671342685370742        1.6079315368509615     
   1.0771543086172344        1.5855779740868174     
   1.0871743486973948        1.6209793938116177     
   1.0971943887775550        1.5923026871658723     
   1.1072144288577155        1.6276148093564529     
   1.1172344689378757        1.5993176070551227     
   1.1272545090180359        1.6781890404281181     
   1.1372745490981964        1.5977022995033392     
   1.1472945891783566        1.6062631565136936     
   1.1573146292585170        1.5769027399359454     
   1.1673346693386772        1.5202221320128018     
   1.1773547094188377        1.5650949342789040     
   1.1873747494989979        1.4564450609345578     
   1.1973947895791583        1.4935693912716710     
   1.2074148296593186        1.4776340245200723     
   1.2174348697394790        1.4454489353595492     
   1.2274549098196392        1.4390934080684374     
   1.2374749498997994        1.3494416322946337     
   1.2474949899799599        1.3753987136334911     
   1.2575150300601201        1.3559877762981893     
   1.2675350701402806        1.3493243881427035     
   1.2775551102204408        1.3045963073541165     
   1.2875751503006012        1.3005308589481852     
   1.2975951903807614        1.2682103675619902     
   1.3076152304609219        1.2699271593919732     
   1.3176352705410821        1.2100866720446137     
   1.3276553106212425        1.2579354558247253     
   1.3376753507014028        1.2323873332095630     
   1.3476953907815630        1.2107935924463773     
   1.3577154308617234        1.1639203965601688     
   1.3677354709418836        1.1482931329599173     
   1.3777555110220441        1.1812190086496308     
   1.3877755511022043        1.1556117376362702     
   1.3977955911823647        1.1639160784882312     
   1.4078156312625250        1.1316360990886825     
   1.4178356713426854        1.1198229904448840     
   1.4278557114228456        1.0874221882592658     
   1.4378757515030061        1.0999333826217108     
   1.4478957915831663        1.0683309503594862     
   1.4579158316633265        1.0933114174828509     
   1.4679358717434869        1.0599347989885313     
   1.4779559118236472        1.0644474770690262     
   1.4879759519038076        1.0276872518899942     
   1.4979959919839678        1.0438331290986664     
   1.5080160320641283        1.0524479837204976     
   1.5180360721442885        1.0171472228027048     
   1.5280561122244489        1.0340393087956359     
   1.5380761523046091        1.0024093063706430     
   1.5480961923847696        1.0122324369293405     
   1.5581162324649298        1.0260562335680232     
   1.5681362725450900        1.0183034817177270     
   1.5781563126252505        1.0173234912983624     
   1.5881763527054107       0.98075434183238741     
   1.5981963927855711        1.0074546480777946     
   1.6082164328657313       0.99987261612290979     
   1.6182364729458918        1.0122534232448441     
   1.6282565130260520       0.97420888024252117     
   1.6382765531062125       0.99477047501294469     
   1.6482965931863727       0.98940430952794689     
   1.6583166332665329       0.94582123560754294     
   1.6683366733466933       0.97758059791996788     
   1.6783567134268536       0.95745081760794004     
   1.6883767535070140       0.94432997272717989     
   1.6983967935871742       0.97092509257077320     
   1.7084168336673347       0.97148066650751175     
   1.7184368737474949       0.98383809681982648     
   1.7284569138276553       0.99648506546497473     
   1.7384769539078155       0.94165788038105802     
   1.7484969939879760       0.97982484058668395     
   1.7585170340681362       0.96105823020024828     
   1.7685370741482964       0.96131415818774657     
   1.7785571142284569       0.97360278236882480     
   1.7885771543086171       0.95604460394071922     
   1.7985971943887775       0.95695754440809089     
   1.8086172344689377       0.98304541631590658     
   1.8186372745490982       0.95449905960058146     
   1.8286573146292584       0.97334902367797249     
   1.8386773547094188       0.97871319704477722     
   1.8486973947895791       0.94769488433885118     
   1.8587174348697395       0.97664819153596738     
   1.8687374749498997       0.97624939336765570     
   1.8787575150300599       0.98104443146764875     
   1.8887775551102204        1.0090175755478503     
   1.8987975951903806       0.95071473534243733     
   1.9088176352705410       0.97411128005262948     
   1.9188376753507013       0.97392626904229629     
   1.9288577154308617       0.98655163716303385     
   1.9388777555110219        1.0179544964454681     
   1.9488977955911824       0.99122317088210921     
   1.9589178356713426       0.99349311527240958     
   1.9689378757515030       0.98933062062569233     
   1.9789579158316633        1.0026298180087010     
   1.9889779559118235       0.97828290079637770     
   1.9989979959919839        1.0018636829986489     
   2.0090180360721441        1.0222397520746433     
   2.0190380761523046        1.0095367141721614     
   2.0290581162324650       0.99912580272617291     
   2.0390781563126250        1.0219323352843270     
   2.0490981963927855       0.99008536114047085     
   2.0591182364729459       0.99378765116044043     
   2.0691382765531063        1.0130909267352841     
   2.0791583166332663        1.0133101973415122     
   2.0891783567134268        1.0070480534356610     
   2.0991983967935872        1.0180852527951805     
   2.1092184368737472       0.99968866928191391     
   2.1192384769539077        1.0177412008565410     
   2.1292585170340681        1.0342144944588827     
   2.1392785571142285        1.0320757959341211     
   2.1492985971943885        1.0081139723919073     
   2.1593186372745490        1.0145811780042244     
   2.1693386773547094        1.0109910919970992     
   2.1793587174348699        1.0264953358295583     
   2.1893787575150299        1.0207806807392303     
   2.1993987975951903        1.0082041963659183     
   2.2094188376753507        1.0105796911428189     
   2.2194388777555107        1.0049071375317991     
   2.2294589178356712       0.99948801219239169     
   2.2394789579158316        1.0305656638946503     
   2.2494989979959921        1.0091142427784587     
   2.2595190380761521        1.0072434747751882     
   2.2695390781563125        1.0117443024289698     
   2.2795591182364729        1.0349091813878344     
   2.2895791583166334        1.0043932166916396     
   2.2995991983967934        1.0047064807061719     
   2.3096192384769538        1.0111948336762138     
   2.3196392785571143        1.0225722947233589     
   2.3296593186372743        1.0205531451717276     
   2.3396793587174347        1.0142193883012425     
   2.3496993987975952        1.0119423939695744     
   2.3597194388777556        1.0055432871161456     
   2.3697394789579156        1.0166524381575408     
   2.3797595190380760        1.0217383765531562     
   2.3897795591182365        1.0219563979193698     
   2.3997995991983969        1.0108925597102534     
   2.4098196392785569        1.0136527597786136     
   2.4198396793587174        1.0064738249349987     
   2.4298597194388778        1.0019175487321195     
   2.4398797595190378       0.99633046209918696     
   2.4498997995991982        1.0152456151483946     
   2.4599198396793587       0.99550122702872101     
   2.4699398797595191        1.0204824352836328     
   2.4799599198396791        1.0153125152787201     
   2.4899799599198396        1.0135878544591239     
   2.5000000000000000       0.99904919054778252     
   2.5100200400801604        1.0172618872336929     
   2.5200400801603204       0.99161024278656040     
   2.5300601202404809        1.0054957565132130     
   2.5400801603206413        1.0066743676986110     
   2.5501002004008013        1.0011331456597472     
   2.5601202404809618        1.0111712020261214     
   2.5701402805611222       0.98939628898667686     
   2.5801603206412826        1.0208691696662129     
   2.5901803607214426       0.99805843442181075     
   2.6002004008016031       0.99863663440843975     
   2.6102204408817635       0.98358783083766677     
   2.6202404809619235        1.0043245957271176     
   2.6302605210420840        1.0106100996620171     
   2.6402805611222444        1.0055619267642244     
   2.6503006012024048       0.99602028053878033     
   2.6603206412825648       0.99894177961639630     
   2.6703406813627253       0.99812369949793844     
   2.6803607214428857       0.99111900015181309     
   2.6903807615230462       0.99018360314993814     
   2.7004008016032062       0.98914729456836814     
   2.7104208416833666       0.99873607731894920     
   2.7204408817635271       0.98587610769017564     
   2.7304609218436870        1.0178835990753450     
   2.7404809619238475       0.99414590790921453     
   2.7505010020040079       0.98468132516145856     
   2.7605210420841684       0.99144156887524126     
   2.7705410821643284       0.99807843281369113     
   2.7805611222444888        1.0167637001881928     
   2.7905811623246493        1.0012426812166721     
   2.8006012024048097       0.98701530823788841     
   2.8106212424849697        1.0088990633854313     
   2.8206412825651301       0.98314248778232916     
   2.8306613226452906       0.99311192765059431     
   2.8406813627254506       0.99718531153225243     
   2.8507014028056110        1.0078491443512945     
   2.8607214428857715        1.0096482683707175     
   2.8707414829659319       0.99928405379177876     
   2.8807615230460919        1.0011073733521718     
   2.8907815631262523       0.98215665321931034     
   2.9008016032064128       0.99429727335034646     
   2.9108216432865732       0.99107741572814056     
   2.9208416833667332        1.0036923902269468     
   2.9308617234468937       0.99205144587440974     
   2.9408817635270541       0.98530282269708236     
   2.9509018036072141        1.0095001046676131     
   2.9609218436873745       0.99496654710101939     
   2.9709418837675350       0.99787847170456700     
   2.9809619238476954        1.0063998985715863     
   2.9909819639278554       0.99663766600275860     
   3.0010020040080159        1.0073114188367414     
   3.0110220440881763        1.0150420522240240     
   3.0210420841683367        1.0110807410685190     
   3.0310621242484967        1.0086076163864302     
   3.0410821643286572       0.98507307552855261     
   3.0511022044088176        1.0189052251085535     
   3.0611222444889776        1.0018982913611021     
   3.0711422845691381        1.0139700399284417     
   3.0811623246492985       0.98820233982174832     
   3.0911823647294590       0.99305491146451896     
   3.1012024048096190       0.99265072648528485     
   3.1112224448897794        1.0111775381548758     
   3.1212424849699398        1.0047283921659760     
   3.1312625250501003       0.99655181270360560     
   3.1412825651302603        1.0014849751663641     
   3.1513026052104207       0.99580082780184020     
   3.1613226452905812       0.98595584104572775     
   3.1713426853707412        1.0032662196097362     
   3.1813627254509016       0.99273360092713814     
   3.1913827655310620       0.98807537508040943     
   3.2014028056112225       0.99416122518209649     
   3.2114228456913825        1.0086876212738296     
   3.2214428857715429       0.98641004932376630     
   3.2314629258517034       0.98836582175746845     
   3.2414829659318638        1.0061240266794513     
   3.2515030060120238       0.99338596514233413     
   3.2615230460921842        1.0055214657946536     
   3.2715430861723447       0.99871590748932770     
   3.2815631262525047       0.99055291742773011     
   3.2915831663326651       0.99215583291609222     
   3.3016032064128256        1.0044301560191420     
   3.3116232464929860        1.0041486264930395     
   3.3216432865731460       0.99879334389271968     
   3.3316633266533064       0.99897245154584735     
   3.3416833667334669       0.99998831744519556     
   3.3517034068136273        1.0036146160227479     
   3.3617234468937873        1.0023821342263810     
   3.3717434869739478       0.99814465797442598     
   3.3817635270541082        1.0162231221234306     
   3.3917835671342682        1.0065958048158103     
   3.4018036072144286       0.98785858174458208     
   3.4118236472945891        1.0053819617469482     
   3.4218436873747495        1.0096084425554759     
   3.4318637274549095       0.98511704300323810     
   3.4418837675350700       0.99740133601551650     
   3.4519038076152304        1.0069569462486467     
   3.4619238476953909       0.99722436163138983     
   3.4719438877755509        1.0014782395722601     
   3.4819639278557113       0.99635400309494648     
   3.4919839679358717       0.99009497110145361     
   3.5020040080160317       0.99985936316584434     
   3.5120240480961922       0.99255893714297483     
   3.5220440881763526        1.0000324001401779     
   3.5320641282565131       0.99613056783457821     
   3.5420841683366731       0.98282539615597853     
   3.5521042084168335        1.0031228949627826     
   3.5621242484969939       0.99183170006122212     
   3.5721442885771544        1.0002477586262337     
   3.5821643286573144       0.99734423745950873     
   3.5921843687374748        1.0061982947858596     
   3.6022044088176353       0.99438954338388519     
   3.6122244488977953       0.98575164706222118     
   3.6222444889779557       0.98964014170366887     
   3.6322645290581161       0.99920025507605470     
   3.6422845691382766       0.99988899027048239     
   3.6523046092184366        1.0002203905578597     
   3.6623246492985970       0.99273343981054696     
   3.6723446893787575        1.0109026768041658     
   3.6823647294589179       0.99999867863166070     
   3.6923847695390779        1.0102761156303666     
   3.7024048096192383       0.99713683940637332     
   3.7124248496993988        1.0145334332382243     
   3.7224448897795588        1.0087106801928492     
   3.7324649298597192        1.0015849755207318     
   3.7424849699398797        1.0053149420326668     
   3.7525050100200401       0.98856005476719366     
   3.7625250501002001       0.99731546393731152     
   3.7725450901803605        1.0019077234574720     
   3.7825651302605210       0.99286158758237075     
   3.7925851703406814        1.0039425272369173     
   3.8026052104208414       0.98992381490610304     
   3.8126252505010019       0.98913768417362868     
   3.8226452905811623       0.99622571133548654     
   3.8326653306613223        1.0081767485882389     
   3.8426853707414828       0.99612187628703974     
   3.8527054108216432       0.98879846109454972     
   3.8627254509018036       0.99218294891354664     
   3.8727454909819636       0.99745441078767005     
   3.8827655310621241       0.99201671707383809     
   3.8927855711422845       0.99594575467979596     
   3.9028056112224445        1.0056635499630624     
   3.9128256513026050        1.0014569618406826     
   3.9228456913827654       0.98273041789082527     
   3.9328657314629258       0.98628683579770859     
   3.9428857715430858       0.99008167872266606     
   3.9529058116232463       0.99431530914197586     
   3.9629258517034067       0.99613766885022570     
   3.9729458917835672        1.0061329458209065     
   3.9829659318637272        1.0028864780358921     
   3.9929859719438876       0.99491884187461499     
   4.0030060120240476       0.99416398626861791     
   4.0130260521042080       0.99999935485274538     
   4.0230460921843685       0.99340830505072319     
   4.0330661322645289       0.99822380936749699     
   4.0430861723446894       0.99281383665568335     
   4.0531062124248498        1.0002786378143316     
   4.0631262525050102       0.99490681362939393     
   4.0731462925851698        1.0107613705392680     
   4.0831663326653302       0.99836489228706771     
   4.0931863727454907        1.0016497869308654     
   4.1032064128256511        1.0025037678034250     
   4.1132264529058116       0.99755000588998854     
   4.1232464929859720        1.0057647908725211     
   4.1332665330661325       0.98416633482998128     
   4.1432865731462920       0.99840004179459674     
   4.1533066132264524       0.99486428356226719     
   4.1633266533066129        1.0002570144790581     
   4.1733466933867733       0.98366625425486864     
   4.1833667334669338        1.0077188892900568     
   4.1933867735470942       0.99851936937431751     
   4.2034068136272547       0.98854758090638728     
   4.2134268537074151        1.0019790461578235     
   4.2234468937875747       0.99835682988271346     
   4.2334669338677351        1.0076421333887704     
   4.2434869739478955       0.99984259472960935     
   4.2535070140280560       0.99720005075014351     
   4.2635270541082164       0.99674700327485322     
   4.2735470941883769        1.0070625340927737     
   4.2835671342685373        1.0034691171910213     
   4.2935871743486969       0.99507115283825276     
   4.3036072144288573        1.0000866280667595     
   4.3136272545090177       0.99524017131546860     
   4.3236472945891782       0.99346481740217185     
   4.3336673346693386        1.0026491465529381     
   4.3436873747494991       0.98886637718360404     
   4.3537074148296595        1.0004904698819608     
   4.3637274549098191        1.0066711012084799     
   4.3737474949899795        1.0002298889732046     
   4.3837675350701399        1.0013221687443317     
   4.3937875751503004        1.0025758261374582     
   4.4038076152304608        1.0040708574153199     
   4.4138276553106213        1.0001066325239449     
   4.4238476953907817       0.99346259675539383     
   4.4338677354709422       0.99668380584101091     
   4.4438877755511017       0.99020769405107212     
   4.4539078156312621       0.99823404965266294     
   4.4639278557114226        1.0003361979046232     
   4.4739478957915830        1.0053414745831237     
   4.4839679358717435       0.98424437535600806     
   4.4939879759519039        1.0085082412254649     
   4.5040080160320644       0.99366483273268469     
   4.5140280561122239        1.0005596814491029     
   4.5240480961923843       0.99698952935639762     
   4.5340681362725448        1.0019587319389609     
   4.5440881763527052        1.0057932087314325     
   4.5541082164328657       0.99688161979671375     
   4.5641282565130261       0.99812850084674332     
   4.5741482965931866       0.99827257261599811     
   4.5841683366733461       0.99839067113575108     
   4.5941883767535066        1.0018680765202508     
   4.6042084168336670        1.0002053081701621     
   4.6142284569138274        1.0040303392769474     
   4.6242484969939879        1.0001611915105120     
   4.6342685370741483        1.0082860735355630     
   4.6442885771543088       0.99497904202165788     
   4.6543086172344683       0.99720735210133804     
   4.6643286573146288       0.99704704327114568     
   4.6743486973947892        1.0003239566649225     
   4.6843687374749496       0.99180481557953570     
   4.6943887775551101       0.99689608563650800     
   4.7044088176352705       0.99269721573478198     
   4.7144288577154310       0.99907251777932837     
   4.7244488977955914        1.0058421271873428     
   4.7344689378757510       0.99547057147384521     
   4.7444889779559114       0.99807144825025063     
   4.7545090180360718       0.99244399479809353     
   4.7645290581162323        1.0024506776829067     
   4.7745490981963927       0.99824753635798114     
   4.7845691382765532        1.0020542156044543     
   4.7945891783567136        1.0059313828536909     
   4.8046092184368732       0.98311506635971690     
   4.8146292585170336       0.99458901292942681     
   4.8246492985971940       0.99766944026685977     
   4.8346693386773545        1.0036768735190440     
   4.8446893787575149        1.0008475928062797     
   4.8547094188376754        1.0020253355984610     
   4.8647294589178358        1.0039531005485847     
   4.8747494989979954       0.99752151520424648     
   4.8847695390781558       0.99511755640956978     
   4.8947895791583163        1.0067693789835583     
   4.9048096192384767        1.0049139759852477     
   4.9148296593186371        1.0045441627587262     
   4.9248496993987976       0.99715993359574107     
   4.9348697394789580        1.0002655941053782     
   4.9448897795591185        1.0042118610840627     
   4.9549098196392780       0.98828047710635902     
   4.9649298597194385       0.98434723590577844     
   4.9749498997995989       0.99273160202808608     
   4.9849699398797593        1.0016054101077647     
   4.9949899799599198        1.0016689217897816     
